0
TOTAL: 1957.27
LENGTH: 1189.13, 768.14
LABEL: 0863, 5863
1
TOTAL: 1997.52
LENGTH: 970.29, 831.62, 195.61
LABEL: 1863, 1363, 2122
2
TOTAL: 1977.76
LENGTH: 830.43, 715.93, 431.40
LABEL: 4063, 5663, 2346
3
TOTAL: 1998.84
LENGTH: 615.58, 596.53, 539.75, 246.98
LABEL: 4863, 3563, 0036, 5053
4
TOTAL: 1969.93
LENGTH: 538.93, 509.66, 490.27, 431.08
LABEL: 0236, 3863, 2036, 3136
5
TOTAL: 1997.38
LENGTH: 479.50, 417.98, 415.74, 413.13, 271.03
LABEL: 6263, 1746, 1122, 5262, 1832
6
TOTAL: 1997.40
LENGTH: 408.44, 373.25, 372.82, 372.40, 369.72, 100.75
LABEL: 3862, 1738, 0611, 4163, 3653, 5060
7
TOTAL: 1997.46
LENGTH: 359.26, 359.11, 357.13, 350.38, 349.23, 222.35
LABEL: 1335, 3536, 2853, 0220, 0011, 3948
8
TOTAL: 1997.85
LENGTH: 348.85, 348.81, 342.33, 336.00, 333.98, 287.89
LABEL: 3445, 1035, 1723, 0517, 4562, 3537
9
TOTAL: 1922.49
LENGTH: 326.72, 325.83, 320.04, 319.51, 316.20, 314.19
LABEL: 4552, 2136, 3641, 1937, 4462, 4749
10
TOTAL: 1999.87
LENGTH: 312.71, 310.02, 307.17, 306.66, 304.31, 303.83, 155.17
LABEL: 1936, 2729, 1129, 3040, 2135, 4851, 0921
11
TOTAL: 1999.62
LENGTH: 302.51, 295.61, 295.04, 294.36, 293.80, 290.84, 227.45
LABEL: 3240, 3446, 4662, 5562, 4247, 0811, 5363
12
TOTAL: 1950.73
LENGTH: 283.96, 283.31, 282.50, 281.56, 275.10, 275.08, 269.21
LABEL: 1130, 1127, 3846, 5255, 6062, 2541, 4652
13
TOTAL: 1999.73
LENGTH: 269.19, 264.41, 263.45, 262.88, 259.29, 255.45, 253.87, 171.19
LABEL: 4460, 1119, 0926, 0920, 5763, 0111, 1930, 2334
14
TOTAL: 1941.91
LENGTH: 249.81, 245.33, 243.42, 243.09, 242.05, 240.36, 239.10, 238.75
LABEL: 4450, 2732, 1213, 3452, 6063, 2329, 0417, 1523
15
TOTAL: 1999.39
LENGTH: 237.59, 237.18, 237.13, 236.57, 236.16, 235.64, 233.68, 231.82, 113.62
LABEL: 3345, 0309, 4347, 2439, 0117, 3235, 2841, 3037, 2528
16
TOTAL: 1992.19
LENGTH: 230.78, 229.02, 228.78, 227.99, 226.62, 226.03, 219.20, 218.99, 184.80
LABEL: 3248, 3650, 4349, 2945, 2126, 2536, 2236, 1529, 2432
17
TOTAL: 1939.74
LENGTH: 218.76, 218.41, 218.02, 216.31, 216.11, 215.33, 212.28, 212.27, 212.25
LABEL: 2933, 3542, 1415, 4556, 3750, 0411, 4954, 4353, 4254
18
TOTAL: 1998.63
LENGTH: 211.12, 209.70, 209.20, 208.69, 206.83, 205.47, 204.97, 204.10, 203.20, 135.34
LABEL: 5357, 1118, 4153, 2730, 2930, 2934, 3237, 4157, 4548, 2836
19
TOTAL: 1922.29
LENGTH: 202.25, 200.91, 200.91, 195.12, 194.72, 193.43, 184.17, 183.81, 183.80, 183.18
LABEL: 0818, 0622, 1922, 4048, 2641, 3547, 1827, 2435, 2740, 0711
20
TOTAL: 1936.09
LENGTH: 180.86, 179.76, 177.69, 177.46, 177.17, 175.81, 175.26, 174.27, 173.88, 172.22, 171.71
LABEL: 4051, 3543, 4856, 5156, 0003, 6163, 3141, 0714, 2031, 0913, 3337
21
TOTAL: 1933.97
LENGTH: 171.69, 171.52, 167.68, 166.69, 160.46, 160.04, 158.08, 157.78, 157.45, 156.29, 154.67, 151.60
LABEL: 0312, 5459, 1221, 3033, 0405, 3344, 0514, 5354, 0209, 2631, 3239, 4445
22
TOTAL: 1919.21
LENGTH: 150.52, 150.31, 147.23, 146.81, 141.73, 141.36, 134.92, 134.73, 132.90, 130.54, 127.68, 127.39, 127.30, 125.79
LABEL: 4243, 0912, 0203, 3744, 0612, 0001, 3638, 4555, 0715, 2526, 3637, 3539, 3032, 1115
23
TOTAL: 1980.86
LENGTH: 123.72, 122.45, 122.23, 119.51, 119.27, 118.60, 118.52, 117.99, 117.55, 116.32, 114.40, 113.40, 112.17, 112.15, 111.28, 111.04, 110.24
LABEL: 1618, 5761, 2125, 0407, 0006, 1321, 4354, 5158, 0816, 0104, 4249, 5556, 0306, 5658, 3947, 0507, 1222
24
TOTAL: 323.42
LENGTH: 108.77, 107.51, 107.14
LABEL: 1013, 4959, 1423