194.273358
145.361750
128.158009
179.093744
100.774998
148.907911
126.904727
139.733386
105.673904
189.331996
110.084574
194.270234
98.253162
169.505406
146.713154
161.865516
192.718269
174.820373
83.191748
160.230924
193.564209
155.926114
180.748332
141.567993
131.905839
164.646735
137.802255
153.366336
100.859998
193.342171
148.121722
163.525906
176.011568
148.578481
126.751864
175.735973
117.105963
82.936344
120.527705
192.833714
118.646922
172.734201
104.369962
160.366055
114.351827
129.319431
152.914286
109.867707
176.936239
154.489035
152.900776
130.448074
186.841489
126.087650
167.995763
186.505965
158.791564
82.407755
108.782021
153.056392
107.591388
113.889168
101.322479
144.973101
113.502869
122.887258
159.862540
129.419762
198.139092
173.712521
176.896533
162.200874
84.142633
92.892325
151.762918
175.307869
120.546831
180.953577
159.171797
115.118226
144.235652
96.922449
137.098100
118.342916
136.544688
131.143906
138.862324
164.442815
83.706514
199.759271
188.857057
160.618217
105.886386
84.607272
140.534441
115.258867
142.844676
113.686225
177.947503
150.716921
