2048
0.17184378 0.31619152 0.00544019
-0.11577899 -0.01729280 0.14064969
-0.16918820 -0.26592600 0.07360617
0.10845803 -0.28236878 -0.04770578
0.12824798 -0.33285451 0.13972744
-0.24106610 0.00711502 0.14508592
-0.21557820 0.34055135 0.14978378
0.21810026 -0.30560240 0.11701261
-0.21552256 -0.30520529 0.05231760
0.04195632 -0.31087604 0.07930987
-0.19021183 -0.29415518 0.02507871
0.09854520 0.34052333 0.14859602
-0.19818361 -0.30704403 -0.05942328
0.00797857 0.09329540 0.08479142
-0.22579093 0.16272521 0.15070683
-0.06058652 -0.10648318 0.12572660
0.17026879 -0.21878372 0.13639362
0.12591022 0.05019464 0.14140716
0.15428257 0.34926635 0.15044042
0.01358346 0.35691041 0.13647422
-0.23147476 -0.18533224 0.11913398
-0.02988561 0.07108788 0.13562590
0.00501453 -0.13662815 0.14335948
-0.14538451 -0.13428095 0.14959590
0.10815068 -0.28885412 0.07306968
0.04591254 -0.25497186 0.14435941
-0.11065582 0.21905226 0.13918826
0.09014496 -0.05767004 0.03863298
0.19813298 -0.28572062 0.01244773
-0.17664272 0.30983824 0.10717344
0.17846482 0.25374767 0.13542190
-0.01750426 0.37030843 0.10680281
-0.06867573 -0.20804724 -0.02513342
-0.05986628 -0.02661773 0.14596453
0.11026544 -0.08561216 0.14224294
-0.09706649 0.05267746 0.05123718
0.26507786 0.11242376 0.13129117
0.19351169 0.29811835 0.02912666
0.07881498 -0.29995883 0.13241610
-0.00676912 -0.25759187 0.14483687
0.24135813 -0.12309244 0.14370368
-0.03782541 0.17735308 0.13903674
0.14461319 0.25783056 0.13788731
0.21293490 -0.31102616 0.09536445
-0.25817078 -0.13378690 0.13489515
0.08032360 0.36481708 0.13040334
0.18563204 -0.16224051 0.14278397
-0.13801433 0.39040375 0.14064831
0.18390763 0.29172176 0.07349343
-0.05533573 -0.32489508 0.14391214
0.25915924 -0.04829739 0.13250159
0.08600526 0.22255525 0.04503142
0.09123096 0.13819315 0.14572148
-0.20402102 0.05112760 0.14688127
-0.16066781 -0.28023052 -0.03553373
0.01067617 -0.18016222 0.14557095
-0.14387240 0.26570448 0.14434229
-0.17529562 0.16500565 0.14126758
-0.07750092 0.20250958 0.13681306
0.05984605 0.22220798 0.14543848
0.14820403 0.11954864 0.14827794
-0.16688995 0.28176704 0.15060203
-0.08224778 0.19782375 0.14100699
0.13920686 0.02806675 0.13772908
-0.20369977 -0.09136533 0.14657925
0.01649278 -0.07214750 0.14358720
-0.21888994 -0.13667057 0.12171958
-0.20904975 0.32079220 -0.06391750
0.09517520 0.15164170 0.13164501
-0.20006935 0.17965230 0.13652281
0.17037171 0.01990262 0.14792624
-0.17610940 -0.22412828 0.13023317
0.19265044 -0.23496334 0.13644165
0.21140596 -0.06076252 0.11219437
-0.20962316 0.15584601 0.14451140
-0.11761873 0.27115637 0.14797795
0.04258029 -0.27236533 0.14130574
0.24368177 0.19489779 0.13981059
-0.09662179 0.29816112 0.13018794
0.02123727 -0.36719111 0.13259579
-0.16089578 0.16283590 0.14421104
-0.13115063 -0.15472089 0.13547181
0.13099316 -0.32217318 0.11935677
-0.17434356 0.27682334 -0.05483128
0.10245672 0.20283058 0.13073830
0.14525907 0.31511110 0.14903517
0.05546493 -0.12642190 0.14178945
-0.22024342 -0.06788584 0.13635717
-0.25436482 -0.33272272 0.11834773
-0.23820259 -0.31933561 0.06223516
-0.02592863 -0.13110307 0.14640918
-0.12796791 0.02257149 0.12377948
0.20754513 -0.28952909 -0.09861405
-0.00629649 0.08561470 0.14251152
0.17050198 -0.27732027 0.14344122
0.03671756 -0.15050134 0.05367301
0.24708553 -0.07241727 0.14577977
-0.08226793 0.09353465 0.07747778
-0.08068256 0.22672388 0.14377271
0.17061318 0.15306614 0.13757849
-0.08734314 -0.06581974 0.02169097
0.05719881 -0.13937701 0.14558502
0.04126330 -0.07510725 0.13530385
-0.15212867 0.22571515 0.14620642
0.04301051 0.17469932 0.13583261
0.02042472 -0.23650649 0.13990809
-0.16207294 0.32996148 0.11815464
-0.09555309 -0.14831503 0.13417086
0.07569259 -0.12237146 0.14419003
0.09135637 -0.31792855 0.14125362
-0.19081725 0.06136965 0.13740396
-0.20863453 0.01868238 0.14249238
-0.14438932 0.14050972 0.14101410
0.16057168 -0.05294503 0.12688459
0.20521855 -0.05261640 0.13960034
-0.08118892 0.09540032 0.14653130
0.16584678 -0.12157057 0.13334437
0.00119363 0.26941919 0.13310099
-0.17867838 -0.34138203 0.14643288
-0.12556572 -0.24878612 0.15201332
0.20996501 -0.19046830 0.14467461
-0.24982433 -0.10683571 0.11697197
-0.17693985 -0.25639418 0.14266396
0.10318811 -0.34660554 0.07821400
-0.13145582 0.26728246 0.14440203
-0.03288966 -0.09772132 0.14138807
0.11213496 -0.32221159 0.14458182
0.01438718 -0.07834034 0.12288906
0.16913232 0.19704743 0.14111742
0.17610034 0.16973932 0.13931251
-0.23280203 0.31524467 0.12679133
-0.05294213 0.06430954 0.14599080
0.25084531 0.29161721 0.13109323
0.16968675 -0.24765575 0.14705324
0.14371876 0.12456752 0.14216524
-0.07545361 0.03157024 0.14435971
-0.23424238 0.04064076 0.14563426
-0.07360573 0.05853295 0.14349693
0.15975541 0.29852307 -0.15211928
-0.11787811 0.28234020 0.14620779
0.12630337 0.13936244 0.11325061
-0.02111769 -0.05790425 0.14713222
0.05140715 -0.31832573 0.14590383
-0.11303273 -0.04927608 0.14533514
-0.22531185 0.04696333 0.11239621
-0.22411586 -0.06345882 0.14462580
-0.09128371 -0.22012088 0.13352811
0.11670958 -0.02730709 0.13497606
0.14246149 -0.20908479 0.14692728
0.07066897 -0.19500966 0.14303333
-0.10906354 -0.07334551 0.12870480
-0.07798904 0.10430028 0.13729049
0.25642627 -0.36421806 0.13033950
-0.16046242 0.01640385 0.15203695
0.24282870 -0.10871978 0.13188379
-0.18030782 0.02549700 0.14733487
0.10273124 0.05578772 0.14179549
0.09676553 0.30534792 0.02477026
-0.20230286 -0.28196985 -0.02881767
0.01387171 -0.28272736 0.14796710
0.24068181 0.01118808 0.11126667
-0.15372406 0.16038913 0.14649381
-0.10252459 0.12708355 0.08800457
-0.10032264 -0.12494321 0.14120020
0.23717877 -0.26082557 0.12071036
-0.01178382 -0.14843740 0.14005335
-0.10222852 -0.06930438 0.14118917
-0.11562197 0.10179095 0.13039517
0.14130786 0.00542894 0.13917474
-0.09059137 0.12971435 0.15084413
0.12379842 -0.31307110 0.14646192
-0.05551827 -0.17320395 0.12790303
-0.08037402 0.39358631 0.14349300
0.16541255 -0.13401915 0.12889040
-0.12980229 0.19690563 0.06714436
0.07079898 0.13138488 0.14451635
-0.20256044 -0.14633353 0.14153978
0.08061614 -0.02274005 0.14046232
-0.16593578 0.16829836 0.13825426
-0.01327363 -0.08051829 0.14420040
-0.15805936 0.01386850 0.13874492
-0.20817184 0.30950862 0.14924601
0.22966604 0.22089763 0.12842163
0.17457877 -0.32027498 -0.05222466
-0.05746926 -0.23700948 0.14837378
0.11263184 -0.05551149 0.13490143
0.04329374 -0.09765518 0.13207482
0.17238510 0.33523199 0.13227679
0.13990054 -0.30652279 0.14003393
0.09656075 -0.10712977 0.13730943
-0.16527472 -0.26517940 -0.11992824
0.06214099 0.18062343 0.13949564
-0.21269980 -0.02614717 0.13594684
0.18614645 -0.32800779 0.12651603
0.06571660 -0.13557968 0.14971344
0.03487800 -0.23687510 0.14510724
0.07106930 -0.24488549 0.01712322
-0.07407850 -0.08078268 0.14598769
-0.04925809 0.07856293 0.14598826
-0.11788960 0.14787701 0.13223620
-0.04064176 -0.25855169 0.13017854
-0.13179876 -0.00494761 0.14020570
-0.19954705 0.15846549 0.10837255
-0.01272802 0.00197453 0.14377421
0.13613014 -0.19450757 0.12500109
-0.13065067 -0.32476118 -0.09277645
-0.00380516 0.14519812 0.13808537
0.02067635 -0.11591183 0.04661283
-0.00805210 0.01367361 0.03846969
0.08777002 -0.08927904 0.14438222
0.09395278 -0.25882491 0.13486241
-0.07414149 -0.09192267 0.14862783
0.11704303 -0.31337696 0.14188233
-0.05221885 -0.31904864 0.13774520
0.09478428 -0.17847115 0.13553391
0.02048052 0.17617285 0.14545268
0.00078260 -0.03856328 0.04356986
-0.17305505 0.23837957 0.14912970
-0.08447111 -0.01443726 0.11724276
0.01721887 -0.36141837 0.14321262
0.15716854 -0.19224250 0.14192015
-0.19321184 0.10519414 0.12460931
0.19388752 0.25371301 0.14109930
-0.02884491 -0.14384148 0.14156942
-0.12548673 -0.30344743 0.14081426
0.11591303 -0.07982089 0.14714055
-0.19882226 0.30807906 0.14218237
0.13796219 -0.11810058 0.09838873
-0.00570700 0.12754217 0.14558060
-0.05935590 -0.21058153 0.12356077
-0.04623529 0.30161613 0.14981361
0.23936976 0.07416619 0.11611421
-0.18701676 -0.01950888 0.13113914
-0.11163403 -0.20834096 0.13529034
0.03031731 -0.09654856 0.10291776
0.06036285 -0.21392900 0.14139912
-0.00403706 0.30899847 0.00461329
0.20942269 -0.23108366 0.11026199
0.02953649 -0.23060575 0.14698936
-0.19982329 0.19132790 0.12189132
-0.15286987 0.19610755 0.14682661
0.08519790 -0.28579539 0.14175147
0.23071478 0.20509124 0.12480919
0.14511746 0.34816676 0.12854901
0.11808062 0.18426499 0.13951857
0.15570629 0.34559742 0.13789803
0.06744938 0.39787003 0.14821829
0.00362717 -0.05835363 0.14740658
0.09820066 0.18724540 0.14176819
0.09498765 0.30017135 0.14412719
-0.06766614 -0.31648543 0.11550646
0.00176564 0.36271852 0.13446072
-0.18304792 0.31096956 0.01019440
-0.17337553 0.32065013 -0.08065021
0.03359809 -0.04110068 0.14750212
0.11356676 -0.13066822 0.14062786
-0.14287162 0.01988286 0.14961173
0.11425973 -0.07783195 0.09450769
0.27491596 -0.27409583 0.13470235
-0.01540259 -0.07983515 0.13529988
0.21998668 -0.39013597 0.11795067
0.06293951 0.20642573 0.12275346
0.17083329 0.00826099 0.13492391
-0.01907788 -0.09776183 0.13969395
0.12836584 0.29472417 -0.02678920
0.15147071 -0.22854486 0.11804841
-0.02769770 0.22842818 0.14118944
-0.22904071 -0.04107817 0.13443384
0.08448236 -0.30642778 0.14818563
-0.10808349 -0.14501202 0.14477473
-0.04437698 0.00937860 0.06532555
0.11622073 0.26678404 0.12051672
0.26849589 -0.31169409 0.13102201
-0.20941940 -0.06024165 0.08560820
-0.12712020 0.29548401 -0.00764370
-0.14851081 -0.00578946 0.13386583
-0.14124863 0.26598215 0.08629242
-0.06516027 0.21585530 0.13893986
0.19083160 0.28783211 0.14077219
0.01812244 -0.01903145 0.14190970
0.04494576 -0.16211864 0.13114527
-0.16724870 -0.06462622 0.13236736
0.04674244 0.32302564 0.14074944
-0.13563302 -0.29811645 0.14590457
0.08026791 0.31874150 -0.01860026
-0.00990567 0.10449708 0.14035502
0.12437315 0.25372052 0.14238816
0.23863634 -0.06558495 0.09359320
0.26064360 0.13339642 0.13569759
0.12832673 -0.26354444 0.14433554
0.09735419 0.28782237 0.12633668
-0.22676401 -0.19093096 0.14527366
-0.17859738 0.04579657 0.14360896
0.17339784 -0.35240370 0.14767933
0.19383985 -0.32981721 0.08438997
0.12080561 0.24064404 0.13630605
-0.22871581 -0.07827269 0.13736629
-0.05048844 -0.12401865 0.14610422
0.02932725 0.19259003 0.14413454
-0.11662176 0.27311742 0.07371569
0.20625994 -0.33785427 -0.13680312
-0.09290853 -0.31072247 0.13638765
-0.25041261 -0.03094161 0.13205589
0.07319214 -0.26860496 0.14436726
0.13863313 -0.11195166 0.14970542
0.16838250 0.33392009 0.10461830
0.11981745 -0.03262729 0.14194140
0.08622982 0.18912683 0.13161543
0.19516614 0.32198447 -0.07263768
-0.16867329 0.11823823 0.14156659
0.03174743 -0.38910407 0.12948824
-0.08775739 -0.33587778 0.11646824
-0.21278259 -0.08560867 0.11663479
-0.05464105 -0.13133325 0.08583483
-0.03377859 -0.31722715 -0.11416063
0.08361240 0.26476333 0.14141765
-0.18532553 -0.11978881 0.14296170
0.08203468 0.18922006 0.14766955
0.05690731 -0.02248761 0.12889636
0.12297158 -0.24447295 0.06757359
-0.22313738 -0.23261917 0.11617926
-0.25510412 -0.29782033 0.14280435
0.18702985 0.23787311 -0.04773781
-0.06069608 0.25318760 0.14566286
-0.22533597 -0.06371379 0.12442263
0.00082573 -0.30581284 0.14910802
0.01396250 0.23225451 0.14532728
0.00598312 -0.31985602 -0.01301269
-0.21757884 -0.19007777 0.12582168
0.03006665 0.24073453 -0.00006615
0.00137116 0.18563676 0.14259961
0.07686560 -0.04381793 0.13381416
0.00839126 -0.19221820 0.13596424
-0.18641187 -0.17986600 0.14589348
0.07068957 -0.31194630 0.14401932
-0.21285500 -0.26934436 0.09694231
0.15198472 -0.39108166 0.12310930
0.08873471 -0.31308001 0.13662124
0.15778691 -0.23619726 0.14782810
-0.10622831 -0.13040608 0.14337134
-0.09616093 -0.00504324 0.13697313
0.12210122 0.07008969 0.12539595
0.10457458 -0.08091062 0.14374657
-0.06244021 -0.01745631 0.14848362
-0.03128646 0.21725234 0.13576630
-0.11771620 0.10787784 0.14067143
-0.07084933 0.02186750 0.14697760
0.07033256 -0.04475913 0.14811900
-0.09503059 -0.20572883 0.12588981
-0.16282074 -0.00218615 0.14685208
-0.14448304 0.05468562 0.14442754
0.23098549 -0.04656588 0.13309231
0.20122272 0.33308578 0.05711878
0.18340698 0.28569588 0.12146857
-0.22858195 0.07805879 0.13419309
-0.21769124 0.05077659 0.14463010
-0.08855577 0.21494086 0.12184325
-0.22091858 -0.14577742 0.13209996
-0.27482188 -0.02154771 0.13977262
-0.17478059 -0.39168996 0.13721795
0.11521111 0.32063964 0.12572718
0.25204927 0.36565715 0.14494590
0.03695139 -0.21871424 0.11412850
-0.07572563 -0.29695886 0.09084930
-0.01624566 -0.29293218 0.14006245
0.13334548 -0.26286620 0.14329559
0.02320855 -0.30268162 0.13417025
0.18595198 0.05071491 0.14209950
0.17279543 -0.08185408 0.14623423
-0.14647561 0.34855384 0.14676648
0.13335250 0.34551316 0.13797607
-0.06087825 0.32721356 0.13953616
0.15586855 -0.01778815 0.14050168
-0.16248117 -0.13498551 0.14438230
0.06572890 0.29669756 0.13074690
-0.07857856 0.34196866 0.14301924
0.16398089 0.34896526 0.12934715
0.16481645 0.23689821 0.13628761
0.24380675 0.33426356 0.13995838
-0.12802078 -0.24167134 0.13691361
0.18024649 -0.31609568 -0.14887847
-0.16819768 -0.20002744 0.13770680
0.20674032 -0.33030549 -0.03507564
-0.23387814 0.17973875 0.13561943
-0.08490076 -0.28433746 0.14402813
0.08335561 0.06920858 0.14129722
-0.03735179 0.14604518 0.13166018
-0.16350701 0.29958075 0.13907072
0.11247446 -0.29306999 0.15038468
-0.20582323 -0.22626078 0.16058904
0.04640952 0.01319171 0.14287053
-0.02202006 0.31150234 0.15138121
0.14112768 0.25438660 0.05350683
0.08681294 -0.33023408 0.14459215
0.21663906 -0.28019342 -0.08879267
0.17695504 -0.15668002 0.13736784
-0.13523614 0.36786702 0.11905307
-0.17964420 0.13954705 0.14563392
0.10460263 -0.32645875 0.13944280
0.12805638 -0.20577592 0.05123862
-0.11446416 0.20619330 0.13409060
-0.12188915 0.03129432 0.13152894
0.17629500 0.09216924 0.14038080
-0.19121674 0.03834958 0.14034779
-0.03000902 0.22105581 0.13374214
0.13908732 -0.28024164 0.13561496
0.06157418 -0.09838691 0.14363123
0.08682969 -0.27961007 0.10919196
-0.17194752 0.30949116 0.00819214
-0.03241897 -0.32965237 0.14268488
-0.01183567 0.08856665 0.14346483
-0.12980865 -0.11023720 0.14586474
-0.10879233 0.14841515 0.14784771
0.08220884 0.17485392 0.13867371
0.16372143 0.22802752 0.14030118
0.11666537 -0.01395044 0.12910016
-0.06484771 -0.32683533 0.06748170
-0.12158865 -0.11509590 0.12119786
-0.07443672 -0.30885360 0.13728951
-0.04835001 -0.15088269 0.02749674
0.20034529 -0.04635328 0.13888280
0.19917685 0.17604353 0.11912512
0.06665607 -0.37354887 0.14686452
-0.03233714 0.27661625 0.04180680
-0.11027734 0.34787807 0.13296530
0.16864486 0.34696180 0.14560001
0.22446072 -0.21156357 0.14641802
-0.07197556 -0.15895995 0.13669844
0.12644115 -0.29642639 -0.05275326
-0.07255540 0.16059712 0.06480306
0.16727570 -0.16284761 0.14216012
0.06773204 -0.05974177 0.14040242
0.08656205 0.25025356 -0.02582075
-0.03201017 0.06781972 0.14432965
0.20455121 0.26514664 0.12984005
0.13872075 0.31301033 -0.06754266
-0.02039122 0.23530479 0.13187730
-0.09244713 0.28264695 0.14118740
0.13130903 0.27207103 0.13817434
0.03740150 0.17568585 0.05407312
-0.11357483 0.34182778 0.09784324
0.25309715 -0.26446787 0.13282433
-0.11709020 -0.09654309 0.12394853
-0.16637750 0.33266637 0.14449763
0.04382510 0.30649203 0.13289593
0.19405474 -0.00944200 0.09569401
0.00167674 -0.00543421 0.08497857
-0.08214703 0.30138382 0.09840774
0.09268900 -0.12088358 0.14967500
-0.18556023 -0.00418386 0.14543568
0.05707675 -0.32771015 0.09715797
-0.12592508 0.36470658 0.12687616
0.01950692 -0.32499671 0.14072897
-0.08309487 0.07903130 0.14536764
-0.20869921 0.16934010 0.14139938
0.08281994 -0.07587922 0.14709173
-0.11833840 0.10378055 0.14108080
-0.02881235 0.34459329 0.11302615
0.08401258 -0.06367847 0.13797611
0.08668506 -0.20247556 0.15165760
0.13143168 -0.15868577 0.14570335
0.16344324 0.25054803 0.14136638
-0.02295547 0.30949566 0.14527121
0.23917541 0.06691149 0.14778145
-0.07180226 0.26109761 0.14636846
0.09062760 -0.28756139 0.13612002
-0.19637100 -0.13028330 0.12881432
0.17913643 -0.31881177 0.10323941
-0.11095191 0.00047230 0.13717787
-0.08310579 0.13222927 0.05062874
0.21019135 0.28420073 -0.10192433
-0.15206939 0.27857706 0.14296244
-0.14821893 0.22817990 0.14012811
0.09618790 -0.29033020 0.14054482
-0.06416729 0.27092540 0.15298663
-0.09354859 -0.30789363 0.14247945
0.11091101 0.23495825 0.14264674
-0.08870082 0.04478120 0.14361596
-0.07484226 -0.07907461 0.12914899
0.11203982 -0.39243302 0.12471977
-0.15991847 -0.32240066 -0.06728010
-0.15525869 0.17298433 0.14097682
-0.12049634 -0.23801146 0.04225784
-0.05565218 -0.37841004 0.12357491
-0.15566066 0.17541787 0.13639016
-0.10317747 0.12695196 0.13679852
0.01504641 -0.16759846 0.13972133
0.03780149 0.07006922 0.14178568
0.06338578 0.12579845 0.12823218
0.17627835 0.32397816 0.12040566
0.13030967 0.01737357 0.13796932
-0.01424465 -0.21022335 0.13354261
0.21347037 -0.28829497 0.09012681
0.07232770 -0.19369829 0.13082212
0.02731046 0.15393046 0.12298690
-0.20930108 -0.31900334 -0.08683929
0.22039801 0.12641625 0.13987391
0.02370263 -0.05600587 0.13475300
0.03792122 0.27904531 0.13376188
0.12124727 0.09018382 0.09286487
-0.01312852 -0.36290243 0.11206143
0.01987218 0.12900087 0.14126787
-0.05582324 0.29722694 0.14193274
-0.07166942 -0.24413544 0.14600597
0.06431837 -0.00392313 0.14731582
0.20092696 -0.20770606 0.09681460
-0.22136943 0.16219644 0.13458842
-0.20135860 -0.07885422 0.15002796
-0.06961122 0.05855352 0.15456326
0.06092171 -0.31742138 -0.07067704
0.10214195 0.23620906 0.14616601
0.06711086 -0.29161447 0.13435705
-0.04861419 -0.36942858 0.11926094
-0.08735383 0.32113534 0.14888702
0.06849664 -0.27832806 0.13304128
-0.11699397 0.01046780 0.14994135
-0.07016988 0.05277209 0.14724554
0.20279483 -0.09080956 0.14161795
0.00331565 0.26866782 0.11473618
0.09447246 0.24712335 -0.00597011
-0.18819875 0.20908146 0.13933241
-0.16248021 0.31934369 -0.13038495
0.23520304 -0.11101907 0.11594958
-0.09535781 0.31764477 0.14696242
0.03847607 0.13496976 0.13478336
-0.05170829 -0.04412908 0.14338069
-0.10489754 -0.01199437 0.14143197
0.21785814 -0.32366943 -0.11038705
-0.11716630 0.30951259 0.13378772
0.18969293 -0.20691176 0.14684305
-0.13251753 -0.11069421 0.14257175
-0.02041524 -0.12352370 0.04692259
0.19127581 -0.06922387 0.14650789
-0.15882839 -0.33358160 -0.01653901
-0.08334851 -0.17485413 0.12459718
-0.07796974 -0.06404240 0.14879735
-0.08295195 -0.21543127 0.14712732
0.22328958 -0.16533887 0.12820411
0.18492009 0.26288933 -0.00986959
-0.03650315 -0.25216484 0.14262690
0.18686229 -0.34443489 0.12114315
-0.01412393 0.09317587 0.14035878
0.11265276 -0.24751064 0.13130358
-0.25551391 0.19014953 0.13931970
-0.24035034 0.21346557 0.13472293
0.17420870 0.33896622 0.12135125
0.23421341 -0.05798266 0.13689940
-0.11912514 -0.25534493 0.12830359
0.14075260 -0.06394947 0.12395032
0.13305216 0.19572821 0.13022456
-0.18595156 -0.35125515 0.12628862
-0.04601459 -0.28013298 0.06738066
0.02300156 -0.23200890 0.14763007
-0.10651904 -0.19682458 0.12849084
-0.13088697 0.29031268 0.13639668
0.02701264 0.02513060 0.14516552
-0.26824731 -0.10296372 0.13479373
0.12369457 0.19225825 0.14063640
0.19874030 -0.30242443 -0.09739320
-0.10138635 -0.08392683 0.14557822
0.07782052 0.00143056 0.14490971
0.18491983 -0.16972777 0.13907243
0.03716133 0.00583927 0.16074710
-0.01581588 0.27723512 0.11533879
-0.12348863 0.23526950 0.12698595
0.22299789 0.39607373 0.13070048
0.15538706 -0.24549784 0.14180490
0.01737364 0.19839048 0.14614904
0.18031567 -0.34736481 0.14522058
-0.19216014 0.06419393 0.07622239
-0.01858318 -0.26340979 0.13687676
-0.05213048 -0.04150969 0.14416873
0.14852209 0.01758365 0.14650232
-0.04746078 0.13537318 0.14369695
0.14231838 0.17442545 0.14545500
0.14954831 0.01977592 0.15112999
-0.21720529 -0.33860219 0.08119988
0.07840781 -0.33544067 0.13235016
-0.14311087 0.20250633 0.06399348
0.05030371 0.03464030 0.12116117
-0.26053202 0.01891015 0.13560078
-0.07121032 -0.01173259 0.14299688
-0.24041384 0.25142726 0.12995063
-0.12183841 0.06610531 0.15230417
-0.11610949 0.24070311 0.02250434
-0.02066114 -0.37166953 0.13123012
-0.20411302 -0.30809984 0.15108541
0.12250461 0.33004493 0.14033422
0.09473377 -0.03020133 0.13364445
-0.12680167 -0.17478345 0.14414081
-0.16500866 0.04568563 0.14457437
-0.11087398 0.30592024 0.08963923
-0.13538554 0.12318733 0.14590159
-0.03273741 -0.14355922 0.13579652
0.16006811 -0.17874703 0.14355122
-0.15029603 -0.34089211 0.12827711
-0.14077492 -0.33723587 0.10925049
0.14333688 -0.15622975 0.14686720
-0.17323074 0.02362489 0.13633336
0.18194631 -0.31725344 0.14975350
-0.05027815 0.13504501 0.14951462
0.19776601 -0.23660350 0.12552625
0.12402993 -0.23290163 0.04307596
0.03219594 -0.08337998 0.14919503
0.00855133 -0.26186734 0.13863993
-0.07036327 0.06327443 0.05659755
-0.07882936 0.20795557 0.14549765
0.11366574 -0.29508072 0.13771185
-0.15011039 0.14027128 0.14724609
0.02837883 -0.26640666 0.02877969
-0.23493020 0.27767485 0.12934662
-0.21417429 0.30176783 0.12622032
-0.08188406 -0.09277404 0.14807926
-0.04669566 -0.25540555 0.14387985
0.19046319 0.11487909 0.15483382
-0.15967798 0.31454790 0.13754451
0.01108521 0.19451232 0.14969498
0.18842414 -0.23415390 0.14079002
-0.16757742 -0.00109000 0.14346504
0.21808100 0.26166698 0.14686480
-0.14500986 -0.11313289 0.14150196
-0.08563650 -0.37148774 0.12108085
-0.19214475 -0.19107741 0.12775069
-0.00265524 0.02547631 0.14534849
-0.12214763 -0.13993914 0.14509621
-0.20462626 0.02855824 0.13972533
0.09811780 0.30421749 0.13862894
0.25746447 0.22952428 0.12012962
0.23662964 -0.25544572 0.14943695
0.07154135 0.07126176 0.05188477
-0.01155947 0.30022976 -0.09017615
-0.06164482 -0.10598375 0.14563860
-0.17650905 -0.30531195 0.02234017
0.15800034 -0.11770278 0.14820164
-0.16888724 0.30110398 0.05760612
-0.04570555 0.39599878 0.14036462
-0.17486474 -0.28525120 0.06210067
0.13634695 0.22276293 0.14142448
0.10084085 -0.25839743 0.13987154
-0.04764565 -0.21733879 0.10157885
-0.16809921 -0.17865746 0.13855645
0.16412628 0.05003802 0.14850870
-0.09545077 -0.21841024 0.14030360
-0.04347727 0.06780078 0.14772126
-0.21340439 -0.30373067 0.09630908
-0.14210343 0.03187907 0.14504249
0.20460506 0.18967277 0.13783316
0.05338519 -0.10787128 0.08206347
-0.14677307 -0.24966253 0.13420233
0.13981082 0.11202958 0.14474729
-0.17575045 0.14123270 0.12714419
-0.15209386 -0.16004267 0.14466800
0.19676985 0.30522859 0.00425359
-0.13785797 0.31236404 -0.06568252
0.10407548 -0.07128383 0.14020197
0.19412617 -0.11474970 0.13958581
0.08811431 0.00505094 0.14656506
0.17886011 -0.02689781 0.12559988
0.21007177 -0.18026376 0.11902016
0.10733244 0.02610045 0.12228979
-0.05064149 -0.26271436 0.14304072
-0.05639003 -0.05367936 0.14102651
0.03552614 0.01431522 0.14138809
-0.16001201 0.14241903 0.14750467
-0.15150577 -0.11366946 0.14641796
0.17809302 0.07084719 0.14625806
-0.26305175 -0.22585030 0.12602979
0.23854420 0.30043107 0.07996868
-0.00913874 0.35926053 0.12280453
0.19024768 0.32421458 0.11994623
-0.09572096 -0.31057301 -0.12421237
0.05627329 0.06154454 0.13349102
-0.16589367 -0.12708953 0.13169107
0.15549099 0.28295940 0.12098936
0.11854288 -0.06738722 0.14351882
0.02421636 -0.07895534 0.11946550
-0.15849522 0.12503746 0.13410589
0.13397220 -0.30111754 0.14102730
-0.20579796 0.32506448 0.11668412
0.03659668 -0.22926386 0.04760279
0.10515365 -0.31310150 0.14321606
-0.04563330 -0.29866475 -0.01660757
0.01197810 0.13971461 0.13607301
-0.00360759 -0.32473055 0.14051865
0.03253736 -0.22357193 0.13376373
0.16030142 0.30084395 0.13523951
-0.07019770 0.29176366 0.13760883
0.15719080 -0.27303848 0.13356350
0.05271766 0.20174614 0.13501807
-0.18261443 -0.33420432 0.13526696
0.08061273 0.22639510 0.13489163
-0.19232012 0.23157059 0.14311753
0.14600743 -0.13158005 0.13926694
0.07000487 0.22617592 0.14207451
0.04469919 0.05774003 0.14554408
-0.12444220 -0.12368068 0.15054992
-0.18259007 -0.25333413 0.05663222
-0.25896335 0.08825843 0.11886565
-0.01236244 0.14948156 0.14436772
0.18277627 0.10837205 0.13099509
-0.12032692 0.35242802 0.13279453
-0.18984023 -0.06545916 0.14236090
0.10145120 0.29619488 0.13709822
0.17175640 0.26287919 0.14227143
-0.13806587 0.30294102 0.14261970
0.19876772 -0.27492115 0.11631135
-0.13584736 -0.12775241 0.14452922
-0.18847761 -0.08188176 0.11876515
0.19754243 0.28876519 0.07903557
-0.07062121 0.01043492 0.13893080
0.02480931 0.07206610 0.14174019
-0.02816848 0.20642248 0.06700119
0.09680061 -0.28335601 0.14728060
-0.19239855 -0.34120131 0.08408867
0.10247956 -0.36402145 0.13988301
-0.06815997 -0.21911259 0.09094413
0.21210292 0.32242572 0.10014730
-0.04062431 -0.05200960 0.14014594
0.14316007 -0.25009042 0.13384235
-0.11867556 0.38681689 0.13594922
0.14503130 0.34291953 0.14278494
0.20237206 -0.30170459 0.12835410
0.02377105 0.30792433 0.14784984
0.19444561 0.28324500 -0.04591028
-0.16353446 0.31939107 0.03969503
-0.11377174 0.15538919 0.13267598
-0.14238657 -0.08157778 0.14110860
0.21499255 0.29752254 0.02757729
0.18959956 0.37377980 0.13546328
0.14633882 -0.31501436 -0.00002398
-0.15847528 0.34832075 0.11777297
-0.22084156 -0.26808748 -0.13063876
-0.16875537 0.37470412 0.13816282
0.12439872 -0.08090024 0.14601497
0.02076557 0.39392677 0.14716807
0.05375186 -0.12971327 0.14437890
0.22118653 0.02969454 0.13147560
0.13353431 -0.28822955 -0.12036245
0.19289270 -0.31980515 -0.11348981
-0.02269971 -0.31659120 0.13744189
0.13192686 -0.25063890 0.14525217
-0.06142509 -0.01835603 0.13202921
-0.18389529 0.17861137 0.13528851
0.08256357 0.04709768 0.14910147
-0.14844027 -0.28650323 0.10707948
-0.15543957 -0.30149186 0.14909756
0.17937668 0.01236766 0.14645576
0.17311701 -0.27603197 0.04820503
0.08219668 0.35476649 0.12701789
0.04807815 0.14297089 0.14076373
0.16940995 0.31088686 0.12680581
-0.02692154 0.38011575 0.13885391
-0.06723338 0.14548644 0.13629535
-0.06960493 -0.37581116 0.13683517
0.05368568 -0.17725480 0.14779039
0.04880327 0.07773529 0.13915728
0.14568403 0.33813640 0.11705709
-0.14340709 -0.18019408 0.14273785
-0.25964707 -0.20591031 0.10666542
-0.04907598 -0.06203070 0.14042330
-0.21171722 0.08374704 0.14834623
0.03151652 -0.10384370 0.08501506
0.04634836 0.02576800 0.14880979
-0.14019419 -0.01066802 0.14506160
0.22518665 0.25215283 0.13160802
-0.18289655 -0.13300058 0.14505345
0.17313784 0.33110526 -0.12491231
-0.08026597 -0.32199177 0.11694850
0.11598558 0.31775618 0.14136522
0.02689979 -0.00549199 0.13903174
0.19217807 0.09545504 0.14805716
-0.00475573 -0.04479762 0.13673970
-0.10866240 -0.05050864 0.14193067
-0.07025044 0.05880955 0.14307579
0.19589582 -0.12678924 0.09177618
-0.06529243 -0.12420405 0.13456210
-0.18749282 -0.30172575 0.05559999
-0.03445748 0.08331919 0.13873270
-0.11854218 0.04427822 0.15421927
0.18862548 0.27354148 0.12035815
-0.18317941 -0.17600381 0.14418903
0.18738845 0.24937068 0.14692576
-0.21053663 0.03709917 0.10793573
0.00120694 0.31685036 0.13403754
0.10748066 -0.23377284 0.13646980
0.19507833 -0.17079291 0.14970700
0.03470458 0.02521697 0.14003941
0.03922456 -0.31075040 0.14432465
-0.20192307 -0.33165413 -0.03352422
0.13639939 0.34063768 0.14889930
-0.19307663 -0.14833152 0.15109071
0.23051418 -0.29790178 0.13184272
-0.01962771 0.34762943 0.14223784
-0.10734639 0.08232140 0.14874168
-0.12734085 0.12906004 0.14811598
-0.14215985 -0.30660868 -0.03071866
-0.02590668 0.24140698 0.14095134
0.16642240 0.33441484 0.02090900
0.06637044 -0.17753649 0.13338488
0.13202639 0.00256748 0.14817853
-0.08476508 0.21217288 0.14695466
-0.10835240 0.08474573 0.14396690
-0.03332014 -0.22659102 0.14285591
-0.19773147 0.27038819 0.01869041
-0.22050521 0.31089190 0.11042659
-0.19156566 0.29299077 0.07382198
-0.08288522 0.08923708 0.12443936
-0.09507623 -0.21758178 0.14571929
0.26833367 0.02624702 0.13900000
0.05652067 0.20125616 0.12523720
0.03246798 -0.20111172 0.13873979
-0.16363513 -0.31555611 -0.13563864
0.18569292 -0.08215517 0.13318376
-0.06459572 0.32766891 0.12199429
-0.12902570 0.26268837 0.14200193
-0.06482235 -0.34800929 0.14452256
0.16819558 0.05006780 0.14369711
0.16114345 0.14074653 0.14047286
-0.16588524 -0.23472774 0.14745802
0.04053199 0.05030267 0.14405905
0.19321255 0.19828033 0.13670205
0.13285574 -0.09625635 0.13076721
0.13050839 -0.39318901 0.12986362
-0.16541898 0.10747735 0.14015153
-0.15696716 -0.29919034 0.15256338
-0.23246905 0.00329853 0.14409010
0.20897035 0.08712580 0.14078346
0.00047108 -0.03669723 0.14256439
-0.15254402 0.01737280 0.07107392
-0.12922047 0.23257816 0.14464018
-0.18643610 -0.33341271 -0.06710362
0.12935707 -0.15164761 0.06922498
0.02703074 -0.28389561 0.13769479
-0.15026926 0.15653217 0.14241339
0.02147631 -0.27333575 0.12128213
-0.00677311 0.08206505 0.09445945
-0.10876644 0.11997060 0.14248237
0.20004189 0.04948093 0.08351405
0.16872616 -0.30784094 0.13865238
0.13264355 -0.05053879 0.14069633
0.08687162 -0.18811801 0.13228212
0.01955606 -0.02455116 0.13868539
0.21755153 0.29264894 0.14257367
0.20658615 -0.11356047 0.13184690
0.17825253 -0.15235814 0.14598729
-0.15067193 -0.14636517 0.10301289
-0.06441657 -0.07023872 0.12674856
-0.04934456 0.36636072 0.13433826
-0.13287413 0.08721413 0.13907008
0.00848433 0.30601150 0.08452944
0.00515253 -0.15456016 0.12890381
0.01798244 0.27266353 0.15071885
0.13089938 -0.13867798 0.13353151
0.11959344 0.26601738 0.13788383
-0.06989573 0.33405274 0.13263226
0.19477296 0.06941052 0.14298210
0.12845269 0.06459831 0.13799410
-0.07821012 0.23767200 0.13252568
0.04870349 0.06306202 0.14628120
-0.05574906 -0.17087610 0.14801534
0.07228076 -0.35770491 0.10768427
0.00687415 0.37911299 0.12712032
0.13862815 0.02891030 0.03177356
-0.10762198 0.16801514 0.14334249
0.07196658 -0.15064000 0.14286894
0.22986692 -0.29434481 -0.12881647
0.09519269 -0.30781311 0.12374772
-0.11503896 -0.37957570 0.12945238
0.08031379 0.08733650 0.14201361
-0.10090608 0.30115137 0.14172751
0.03388089 -0.17083749 0.14409155
0.03096450 0.01699714 0.14426762
-0.08800726 -0.10419094 0.14887372
0.05176894 0.35395044 0.13873197
0.05779598 -0.19102100 0.13456877
-0.19356766 0.29047275 0.12098357
-0.17800955 -0.29693672 0.12080734
0.05307424 -0.22756773 0.14822300
0.17147896 0.03697757 0.14041859
0.18025397 -0.28799197 -0.11526814
-0.09074129 0.25704029 0.14092693
0.14162906 0.16993441 0.14692363
-0.18569824 0.23230948 0.10567360
-0.24095753 -0.08000767 0.13276181
0.01966129 -0.29358339 -0.02399462
-0.21895082 0.20524442 0.14995192
-0.13113883 -0.32070938 0.10889048
0.11882183 0.24819683 0.12816842
-0.00538813 -0.28009379 0.11046713
0.16169330 0.18649915 0.13521534
0.21203862 -0.12181243 0.11917260
-0.25927618 0.17008115 0.11259786
0.11036898 0.26175559 0.05904119
0.04655863 -0.30269775 0.11576138
-0.16848639 0.20062262 -0.03391015
-0.16458572 -0.07804879 0.13911541
-0.01187675 -0.05049957 0.14473152
0.08655909 -0.37253463 0.12940164
0.11840461 -0.14215195 0.02551800
0.24397552 0.10989134 0.12025724
-0.12653381 -0.07306413 0.14388481
0.11969567 0.31850076 0.14994755
0.04540315 0.30753520 0.13766968
-0.04728146 -0.23421139 0.11645673
-0.09844773 -0.28498828 0.14377624
0.08891447 0.32807499 0.14058922
0.20306952 0.31652156 0.04456273
0.03176113 0.24733421 0.12765308
-0.18138653 -0.12067628 0.08446946
-0.04659091 0.01664750 0.14771509
-0.07761551 -0.09162736 0.15066409
0.02236344 -0.28193605 0.14250597
0.23061520 -0.33768693 0.13138807
0.24052806 -0.03382653 0.12806973
-0.15622932 0.28333342 0.09171294
0.02605364 -0.08822133 0.14124525
-0.05053952 -0.31896812 0.14556968
0.09770238 0.30593032 0.13882768
0.21329167 0.20480849 0.14270729
-0.10513011 0.21790338 0.14466539
0.08798651 0.01865396 0.14631614
0.16340165 -0.04498990 0.13043612
-0.03359541 0.00092904 0.11198275
-0.19880146 0.05182279 0.12887022
-0.00973908 0.34352604 0.14575388
0.00284502 0.10638490 0.14053743
-0.03761559 0.35764879 0.11928342
0.18483135 0.18506807 0.14126912
-0.02367233 -0.26577005 0.13998887
-0.12476858 0.06571849 0.15152678
0.12381008 -0.39807013 0.13805829
-0.07233138 -0.25526196 0.13409671
0.03912386 0.22602901 0.14630981
-0.09955853 -0.33519173 0.12962860
0.14603199 -0.36282510 0.14479066
-0.09397969 -0.19383022 0.15076223
0.12033334 0.19429852 0.14483953
0.13869503 0.06458063 0.11039753
0.08484385 -0.18574567 0.14237279
-0.13606060 -0.16886348 0.14302036
0.16639760 0.32978681 0.09222390
0.12909907 0.26860142 -0.05535543
-0.23209180 0.12308477 0.14266545
0.17088410 0.01375584 0.13148829
0.06307227 0.26406530 0.11470508
-0.18214464 -0.25567326 0.14155757
-0.20871262 -0.32995230 0.00378131
-0.16169195 -0.31594676 0.14019063
0.13401902 -0.07885037 0.14355007
0.19484094 0.14468452 0.11591180
0.23363896 0.12748158 0.12508667
0.05629255 -0.04230788 0.14342219
-0.14055476 -0.01654945 0.13865191
0.07964697 0.27075580 0.15061493
0.02955799 -0.28794229 0.13866004
0.22017227 -0.32812157 0.06783220
-0.02869032 0.28088558 0.15352055
0.00473436 -0.01528763 0.14413218
-0.10563948 0.29227898 0.13398354
-0.19950655 0.16383305 0.14507660
-0.05878904 -0.00837953 0.12124176
-0.20706733 -0.12629862 0.15118819
0.01065697 -0.22658150 0.14287703
-0.10252330 -0.32403183 -0.00775539
0.21289802 -0.22084905 0.14139593
-0.05130132 -0.12709495 0.13621961
0.00047218 -0.16479260 0.13919315
0.15966982 0.31983370 0.13346058
-0.21878549 0.39587581 0.13056594
-0.18088761 -0.07823816 0.13429292
-0.00661361 0.27255371 0.13871479
-0.05205545 0.31834304 0.15048268
-0.02012210 -0.36730096 0.14275487
0.12797910 0.11514287 0.14553596
-0.14950135 0.32076335 0.14158973
0.14436582 -0.25529656 0.13681415
-0.26336017 -0.18007654 0.14092055
0.20027681 0.24928062 0.11471300
0.21097732 -0.14564255 0.14736173
-0.13975129 -0.24072799 0.12102287
-0.20376302 0.16817069 0.14689088
0.20096228 0.28176767 0.13354222
0.16196468 0.17407840 0.14505194
0.09680805 0.17147219 0.13855331
-0.05595724 -0.19488566 0.14459547
0.07867825 -0.18823630 0.14084193
0.10271683 0.03581445 0.12730268
0.14320654 0.26342055 0.13843712
0.27113116 -0.01866878 0.13611871
-0.15457039 -0.25456965 0.14352882
-0.09751604 -0.03003978 0.14498846
0.08559591 -0.17351037 0.14352322
0.05194377 -0.00878551 0.14275262
-0.16400079 0.15876624 0.14304073
-0.11842146 -0.36241874 0.12724303
-0.16703205 0.33713567 0.14855587
0.16198558 -0.13532220 0.13650362
-0.13164343 0.22131713 0.14142163
-0.07585604 -0.16333570 0.14043634
-0.13398609 0.30453223 0.07762220
0.24677522 0.11601929 0.13046235
-0.06763619 -0.36989617 0.14550649
0.05788707 0.01159387 0.13025871
0.11191921 0.10050132 0.14607105
0.08475591 -0.17713015 0.13230516
0.05650643 0.30981046 0.14344434
0.15234070 -0.33443439 0.12839985
-0.21392003 0.23718539 0.15613249
-0.19383213 -0.05938162 0.11831584
0.09041961 0.17534411 0.07071409
-0.12414157 0.05595524 0.14415370
-0.01449668 -0.30931383 0.14693834
0.23381720 0.05453788 0.13162795
0.02799881 0.30427790 0.13285820
0.09313557 -0.19163761 0.00534986
0.04653649 0.30291483 0.14228337
0.13509262 -0.13308537 0.13713877
0.07773521 0.30842677 0.07320543
0.00563893 0.20624515 0.03219423
-0.23963907 -0.34174249 0.15146001
-0.14764105 0.26275873 0.14837152
-0.07936093 -0.01600415 0.13704123
-0.10711741 0.21885997 0.14034636
0.20784819 0.26751631 -0.10672998
0.24002312 0.05005919 0.11898343
-0.04191867 0.15386698 0.14239398
-0.09588176 0.31561318 0.13595711
-0.03037820 -0.17829704 0.14333117
-0.10441414 -0.02117668 0.14590649
0.24016505 -0.21136305 0.13615288
0.08074969 -0.35826266 0.10588012
-0.08783501 -0.32300961 0.13767312
0.08086716 -0.34324694 0.11389984
0.22363171 -0.30529478 0.01031577
-0.21111758 0.29457435 -0.11600262
-0.12855463 0.08821103 0.12844644
0.23705894 0.19520840 0.12574293
-0.21368322 0.02925657 0.13839370
-0.12387618 -0.38126877 0.09999446
-0.23803774 -0.07043144 0.15261014
0.18423425 -0.30726737 0.09807721
0.04580657 -0.03214960 0.14476055
-0.11703981 -0.15002753 0.14122127
0.02923869 -0.35636038 0.12725493
0.10412185 -0.10895196 0.14394575
-0.24908963 -0.23749292 0.12604582
-0.12428062 0.09180386 0.11469269
-0.15325002 0.25212541 0.13902821
-0.12830928 0.12352156 0.14717332
-0.08567210 0.27047670 0.14116479
-0.15185323 0.16631089 0.13962340
0.00025904 -0.37165835 0.14188534
0.07158915 -0.16620971 0.08764917
0.25399494 -0.19948563 0.11950445
0.02377721 0.28024691 0.12419809
0.08881634 0.25933355 0.11750628
-0.19417104 0.26814091 0.10693023
0.08021229 -0.00957373 0.14076555
0.06978504 0.12909022 0.14015669
0.09307739 -0.11793628 0.14524467
-0.12986827 -0.29470253 -0.04955644
-0.05302122 -0.18276495 0.14037223
-0.04954700 -0.28951392 0.13216382
-0.16986635 -0.24711202 0.12677108
-0.12641731 0.16102612 0.11661597
-0.20855057 -0.16771837 0.12160262
-0.04080387 0.16386011 0.14912181
0.19629028 -0.07041995 0.14574933
-0.15863727 0.17491329 0.14124472
0.20795175 0.31777158 -0.09659424
-0.17444412 0.12706137 0.11954844
0.02027563 -0.30430570 0.10538753
0.22696725 0.05925811 0.14451697
-0.09114994 0.09553400 0.13935226
0.04331013 0.14637123 0.12165703
0.13361821 -0.33162034 0.06388579
-0.20099927 0.28622982 0.03232716
-0.12301917 0.29422864 0.14801008
0.00998764 -0.25073585 0.14862038
0.02435878 0.02456403 0.15027820
0.17923737 0.19977745 0.12583140
0.07513899 0.18837243 0.07929181
0.03784880 0.14806095 0.06130052
0.08479524 0.30068436 0.09866260
0.05613871 -0.20086600 0.13233738
0.21750413 0.28111976 0.13447340
-0.07314314 0.26894256 -0.00753413
0.16767624 0.24604312 0.14343864
-0.01819810 0.05176952 0.14632507
-0.24493572 -0.01705722 0.14318341
-0.02869251 0.22865123 0.14870399
-0.21852896 -0.29234233 0.14048640
0.00167848 0.01527295 0.15555932
0.08866517 0.39685774 0.12113893
0.18090269 0.23982322 0.03664288
0.02799058 0.28663385 0.14029397
-0.11850121 -0.02884960 0.12913430
0.20597276 0.33974692 0.12757327
-0.13709588 0.36299929 0.14405623
0.15286747 -0.30463728 -0.15586440
0.08200669 0.25475433 0.14270781
0.12407823 -0.22130482 0.14269575
0.02540551 -0.23138030 0.13933741
-0.16171969 -0.01021998 0.14080863
0.06169194 -0.10344464 0.14383191
-0.11354203 0.17438000 0.14190447
-0.02407781 -0.10024993 0.14426671
0.12211559 -0.28289425 0.14456296
-0.09365702 0.33502325 0.14545631
-0.14921542 -0.17177860 0.13798410
-0.12587231 -0.03207125 0.14609347
-0.10324329 -0.00253060 0.14511871
0.14625731 -0.29371825 0.14886338
-0.14399651 0.18531200 0.14579290
-0.23545775 0.24671169 0.14209899
-0.20297183 0.22838658 0.09816080
-0.19891998 0.24593633 0.13812223
0.03689222 -0.33867684 0.13970511
0.14379884 -0.16962057 0.13639015
-0.01168814 0.11847980 0.14476904
0.19690338 0.11683895 0.13646552
-0.19408272 0.06222803 0.14223447
-0.13261205 0.22686899 0.14006411
-0.05953628 0.37415725 0.14128596
-0.18274543 0.31652755 0.12804559
0.21057588 0.07012460 0.12549867
0.17643552 -0.32389501 0.10055749
-0.02852698 0.13743472 0.14409405
0.09100804 -0.11525603 0.14371839
0.11321136 -0.36919296 0.14309794
0.10805795 0.32832026 0.14455090
-0.03155498 -0.09347980 0.14371450
0.06086535 0.32227981 0.06328963
0.05202191 0.12185738 0.14330384
-0.06117258 0.13766444 0.13854945
0.23115486 0.05917950 0.13289262
0.16759594 -0.21088105 -0.03227200
-0.02869797 -0.05515690 0.12987179
-0.17820182 0.19706070 0.06333552
-0.05657383 -0.35216558 0.14664100
0.17453817 -0.25413033 0.12783371
-0.06970057 0.12252768 0.08083633
0.21854101 -0.04930639 0.14725384
-0.19396251 -0.30778626 0.06414048
0.01989337 0.07974189 0.13992964
-0.08930279 -0.18656233 0.13949814
-0.00794482 0.08491959 0.13170087
-0.17627215 0.28359291 -0.09469996
0.06885879 0.33020824 0.14230034
-0.00819789 -0.20598465 0.14874123
-0.23317273 0.30087128 0.09864178
0.22345893 0.19249029 0.14478964
-0.06985528 0.16847612 0.14717230
-0.21246797 0.32973528 0.00504463
0.03736393 0.21201867 0.14203669
0.12229194 -0.27370867 0.14692111
-0.16312987 0.23549446 0.15023929
0.03896783 -0.30758977 0.13370095
0.20910396 0.32384926 -0.13940859
-0.01508592 0.32392412 0.12047527
-0.22294191 -0.15343308 0.13340950
0.16070095 -0.01637442 0.13925329
0.10069042 0.36344782 0.14536300
0.19397087 0.32648665 0.08854772
-0.21028295 0.33866408 0.08766816
0.04215810 -0.28205481 0.03995406
0.16959730 -0.16001536 0.13255769
-0.16745929 0.02312528 0.10655805
0.21292979 -0.33442569 0.00959850
-0.07900633 0.04319365 0.14527747
0.19894740 -0.28591335 0.14674160
-0.12898350 -0.22708398 0.15101199
0.19484264 -0.06062067 0.15270382
0.25099501 0.05445215 0.14482316
0.08133361 0.11516644 0.14931403
-0.18183365 0.03179017 0.10980888
-0.01602832 0.10722035 0.14786667
0.13362692 -0.08171548 0.13589217
0.11862014 -0.03656027 0.13128886
-0.16747040 0.03341566 0.14569475
-0.08297426 -0.07947007 0.15149996
0.15487713 -0.32000083 0.14005077
0.03972901 0.37119144 0.12135269
0.13426082 0.37893474 0.12673643
0.10467447 0.20188148 -0.03310297
-0.13193032 -0.32126743 0.05309010
0.15891957 0.26675147 0.08580036
0.18302844 0.17050131 0.14126821
-0.15083438 -0.28960314 0.14266114
-0.18932590 0.20836359 0.11475281
-0.00110915 0.12804586 0.13616022
-0.22378881 -0.29045019 -0.09264173
0.15250717 -0.03400280 0.14294708
0.16517790 -0.15688951 0.12384424
-0.21089470 -0.36715868 0.14042723
0.04414590 0.39049715 0.12695439
0.21377476 0.22356476 0.09121682
-0.16857672 0.29314756 0.14413930
0.10423531 0.09180705 0.13609128
-0.01847153 -0.08798436 0.14568715
-0.06263557 -0.04820785 0.14383978
0.00438525 0.18454888 0.09594396
0.01225238 0.15233213 0.02472633
0.21231827 0.32622951 0.02398537
0.23822932 -0.01162937 0.12887566
0.04258901 0.27548182 0.14132179
-0.20149367 -0.33289558 0.03525645
0.13005617 0.12201884 0.13211864
0.16599600 -0.19357294 0.13000578
-0.01658611 -0.38920617 0.11955900
0.01012513 0.33194932 0.13440225
0.00579326 0.10261057 0.12917407
-0.00976558 -0.03793820 0.14324653
0.02488633 0.31020278 0.13769454
0.17532620 0.01440310 0.13535029
-0.19817661 0.29657969 0.14600116
-0.17881857 0.31649345 -0.09669761
-0.00867358 -0.21495566 0.14420128
-0.22313458 0.06931698 0.12481691
0.05599764 0.28644001 0.13105746
-0.08133860 0.32803288 -0.11759228
0.13924143 0.15047893 0.03707155
0.08488429 -0.20665303 0.14141726
-0.14186907 -0.15425396 0.13691083
0.07196778 0.08510666 0.14458972
0.09376720 -0.24926946 0.14011715
0.10686690 -0.17922068 0.13685155
-0.17334735 0.26009792 0.14716256
0.08437082 0.00206544 0.14392123
0.19618070 0.20806640 0.12792258
0.06545645 0.27976671 0.14562339
-0.19623789 -0.20840666 0.11504850
-0.16365078 0.23262651 0.14461425
0.14879033 -0.36399850 0.11951016
0.16875201 0.26411080 0.10685007
-0.12248833 -0.09136509 0.14804311
0.01032870 -0.15131518 0.04164495
0.14825526 0.21283463 0.14253490
-0.25873375 0.23391023 0.13260336
0.11689607 -0.18265572 0.13851838
-0.27563995 0.08994291 0.14043908
-0.17522481 0.36495277 0.14632651
0.10345542 0.15338980 0.12771326
-0.02470773 0.03522513 0.13508363
-0.13339028 -0.05123803 0.14927763
-0.02221881 -0.11440837 0.06060559
0.04606577 -0.06149124 0.14495923
0.11318263 0.17557633 0.13712120
0.02159130 -0.24131769 0.14658207
-0.23866689 -0.00811124 0.12119691
0.07397804 -0.11790758 0.14244971
0.18836515 0.14615782 0.08829594
-0.00902998 -0.17927326 0.14245957
0.00437388 -0.30568081 0.14224915
-0.03867619 0.27951914 0.10212629
0.09859660 0.30704451 -0.11449642
-0.17913029 -0.20253855 0.14641596
-0.15452833 0.11143767 0.11680235
0.11553264 -0.36410177 0.11403002
0.11124372 -0.21947232 0.13807449
-0.18322296 -0.03244808 0.13420382
0.11351658 -0.15464947 0.14916885
0.15689901 -0.29015791 0.14480494
-0.06122101 -0.06752580 0.14174624
-0.05554199 -0.22638097 0.14993361
-0.06042422 0.10755035 0.13994789
-0.01043623 0.04243554 0.14183700
0.09965783 -0.01699819 0.07998784
-0.18839400 -0.26553306 0.09945074
0.22012578 0.15185395 0.13747910
0.11573367 -0.19147101 0.12905633
0.08139247 -0.26265430 0.09764303
0.06522239 -0.01449125 0.14157185
-0.11553415 0.00763777 0.13884616
-0.22952378 -0.20314664 0.15876791
-0.08246095 -0.21637629 0.13202128
0.04753080 0.29667762 0.14430924
0.09486959 -0.01141467 0.13899928
-0.18751197 -0.12306411 0.14104663
-0.14002059 -0.04947738 0.13903753
-0.25139740 0.37013778 0.12245776
0.10627651 0.07500444 0.13250843
-0.11396591 -0.28739601 0.14504042
-0.03122226 0.32538992 0.13627018
0.15644538 -0.27038050 0.14292729
-0.11943996 -0.05412395 0.14990149
0.00135223 0.23250565 0.14013614
-0.08833152 0.04411060 0.14478260
-0.19398780 -0.32681230 0.10120407
-0.06247933 -0.11092295 0.14775655
0.22081256 0.15156537 0.11427961
0.12509407 -0.13022225 0.12909409
-0.10348053 -0.16475829 0.13697772
-0.14854014 0.25915676 -0.03725439
-0.06365703 -0.01835029 0.14254522
0.00773534 0.18056759 0.13339153
0.03862163 0.27765709 0.13866970
-0.03054347 -0.23577470 0.14779927
0.01420031 0.09163576 0.11950715
-0.22552294 0.09985900 0.13513792
0.19671072 0.13656938 0.14531220
-0.05210057 -0.01310540 0.13324909
-0.17876470 -0.26709151 0.12112656
0.05439714 0.28247634 0.01278053
0.09307334 0.38860145 0.13081606
0.16768421 -0.16872558 0.13593686
-0.12949005 0.04434239 0.13875443
0.08702206 0.18299000 0.12786111
-0.18093170 0.14897425 0.13625586
0.09121237 -0.22041768 0.14215001
-0.17744352 0.27422631 0.14176647
-0.10121718 -0.14853811 0.14450894
0.06618567 0.27835792 0.13204676
-0.14086971 0.11535628 0.13942102
0.19477522 -0.19059592 0.14161618
-0.16519368 -0.22831845 -0.04748908
0.06936008 -0.05530632 0.14077744
0.20002197 0.22757867 0.12641844
-0.00189609 -0.21702985 0.14701414
-0.01409747 -0.23187712 0.06162844
0.17925034 0.12974161 0.13912497
-0.05441908 -0.17645007 0.13883188
-0.14781563 -0.24621858 0.10636254
-0.18796583 0.32420021 0.05598492
0.11493930 -0.35551959 0.09662133
0.13982670 0.32240820 0.10669348
0.12825193 0.16672674 0.11545005
-0.02500354 -0.00102936 0.13921189
0.06786318 0.07496864 0.13630094
0.00655141 0.11418065 0.02556372
-0.03049715 -0.00308101 0.13866429
-0.04376911 -0.05040950 0.12007402
0.00148985 -0.33739612 0.11574790
0.16487429 0.30658290 0.14902753
-0.12629482 0.32060283 0.09151768
0.14938614 0.07438455 0.12848884
0.16291296 0.31524378 -0.05474208
-0.03975375 -0.03719313 0.16322291
0.24603546 0.26706612 0.11235063
-0.13073264 0.15464994 0.14917342
0.08658957 0.07904559 0.13684535
-0.18348238 0.11397690 0.15194243
0.10355498 0.01562269 0.13585919
0.02719904 0.40037885 0.13027474
-0.10491094 0.05090249 0.14411163
0.19933918 0.28951794 -0.13881321
0.19815904 -0.03532865 0.14237568
0.03105262 0.10983594 0.12479886
-0.04822499 -0.07152522 0.14473489
0.05840982 -0.23398522 0.14737158
0.19220364 0.20948094 0.14665455
-0.10539462 0.28224024 0.14951277
0.12707581 -0.27406380 0.14566214
0.14626731 0.03413960 0.13826485
0.15990061 -0.36142963 0.14232074
0.13353789 -0.19492459 0.12241566
-0.22126949 0.13303371 0.10591873
-0.03315561 0.34622929 0.13832645
0.08725890 -0.32583219 -0.00725738
0.05157091 -0.21709746 0.14412144
0.01651516 -0.38966116 0.13435441
0.18396850 -0.29592526 0.07784583
-0.18664195 -0.32656455 -0.10506088
0.17173156 -0.23893380 0.14189221
0.18950985 0.33771682 -0.13599606
0.18776920 -0.30523056 -0.10667858
-0.21993381 0.19415924 0.08156097
-0.02777080 -0.37381837 0.13777648
0.22949332 -0.03109523 0.14205563
0.19778955 0.11904507 0.14862081
0.01858979 0.24078530 0.09664194
-0.02182794 -0.19237545 0.14595039
-0.11469221 -0.14272490 0.13891591
0.26107550 -0.17730519 0.13102214
0.07976015 0.31978896 0.14847423
-0.05349871 -0.25668526 0.14240554
-0.04533349 -0.37070975 0.14960875
0.19055289 -0.06144052 0.08574720
0.09575087 -0.15865989 0.14272244
-0.05041758 0.09569453 0.14394300
-0.19788259 -0.30581754 0.14607774
0.18717076 -0.33165711 0.11766453
-0.18866521 -0.21143281 0.14076978
-0.03926335 0.18978056 0.02301098
-0.07903816 0.28518319 0.14939044
-0.09325878 -0.20374866 0.06228224
-0.08017781 -0.28474048 0.02778111
0.07084061 0.08538732 0.12233219
-0.22467098 0.06030643 0.13869174
0.15635253 -0.03454398 0.11318974
-0.14804402 0.33359513 0.14785245
-0.06248054 -0.23265223 0.14073531
0.11803647 0.22778070 0.12806806
0.17741495 0.17240928 0.15061659
-0.24790065 -0.10984106 0.13068205
0.11403012 0.13310884 0.11439738
0.05574540 -0.27809441 0.15080050
0.10040170 -0.20278110 0.13164715
-0.03741729 0.13806234 0.13573976
-0.02390581 0.13687380 0.12914452
-0.20601995 -0.23086974 0.14335355
-0.20563149 0.30789471 0.10448484
0.03958962 -0.06091730 0.13656315
-0.06514037 -0.02166832 0.14047502
-0.24105990 -0.02866615 0.09135208
-0.19271490 0.00628381 0.13348326
0.19029014 0.34085974 0.10380631
-0.02170642 -0.14249691 0.13599236
0.16132683 0.26444373 0.13717985
0.14628339 0.24576792 0.15241267
0.01999595 -0.07041723 0.10618380
-0.19967815 0.26603726 -0.01187965
-0.05436011 -0.21355027 0.03663287
-0.12721519 0.19915146 0.13727131
-0.07365078 0.23369923 0.14401491
0.16212410 -0.02385710 0.14666827
0.25168353 -0.24056622 0.11380319
0.18749033 0.12788145 0.13824794
-0.07837209 0.00173630 0.14669347
-0.15388957 0.35982642 0.14392357
-0.14015904 -0.18543172 0.13978621
0.21096845 -0.00667042 0.13952243
-0.19294944 0.20590195 0.13833857
0.19906895 -0.00530749 0.11157291
0.09413773 -0.01715858 0.12984221
-0.20718519 0.05232372 0.12734418
-0.16360986 -0.02307726 0.15244301
0.23139153 -0.25420678 0.07469539
-0.11288550 -0.24870385 0.12203211
-0.12559186 0.25696361 0.14214078
0.16279429 0.09140287 0.14168297
-0.15904537 -0.24907663 0.14343032
-0.11245365 0.34368956 0.14575252
-0.10172416 0.23960474 0.15154088
-0.09454371 -0.14102457 0.14594108
-0.25660077 0.31356198 0.12672195
0.08554278 0.15765727 0.13496919
0.13319415 -0.13541512 0.03776542
-0.00775924 0.01143219 0.13958809
0.15068649 -0.21739468 0.14936216
0.16545008 0.18137792 0.12798136
-0.17829317 0.13542302 0.12869686
0.17947111 0.07261190 0.14241594
0.17271322 0.20018049 0.14041886
0.00908213 0.38886392 0.14419977
-0.14615881 0.08310194 0.14000344
0.17877406 -0.15145506 0.10397649
-0.16867897 -0.30887592 0.14750153
-0.24670200 -0.17658627 0.12747782
-0.18625465 0.30033043 0.14464226
0.05776481 -0.37508360 0.13268875
0.02427461 0.30479434 0.14636227
-0.24535173 -0.25404674 0.09473383
-0.02009822 -0.03687082 0.13680980
-0.21698484 -0.24669792 0.13782823
-0.21277145 0.26692820 -0.09327409
-0.11967055 -0.07118075 0.11996752
-0.03667752 -0.14144327 0.13621661
-0.19187009 0.32108545 -0.12876171
-0.18788572 0.27818757 0.11695861
0.10297137 0.06173551 0.13870513
0.16879953 0.31710950 -0.00563522
0.15428448 0.25627238 0.12691659
0.09245434 0.02395333 0.15314333
-0.23910588 -0.00855644 0.14052969
0.13266204 0.30475420 0.04252287
0.07096274 0.01518475 0.13127606
-0.08270560 0.11257660 0.14172244
-0.11314954 0.33560687 0.11953861
-0.09792240 -0.07685533 0.13905591
-0.13415150 -0.12995282 0.14282748
-0.16051029 -0.29243445 -0.17685886
-0.10280001 -0.27323240 -0.06106807
0.07418533 0.06065907 0.13181494
-0.17987277 -0.21384224 0.14347599
-0.09904094 0.37463221 0.13210312
-0.07284127 0.26758194 -0.04790259
0.13726997 0.32226628 0.12369480
0.12813064 -0.15532883 0.14174305
0.03432416 0.23506409 0.12811731
-0.04826757 0.09861080 0.12617020
0.18421148 -0.31576118 -0.10174410
0.16213804 -0.33172309 0.07609271
0.23490976 0.18802965 0.11919026
-0.08267306 -0.11091629 0.08235087
-0.15017065 -0.28668627 0.00537706
0.13727270 -0.33034772 -0.11761342
0.01696155 -0.36672169 0.11046243
-0.01942595 0.10735485 0.12595122
-0.15718336 -0.25671661 0.14478233
-0.04072760 -0.12744856 0.13762698
-0.02474608 0.36579397 0.14553925
-0.15724871 0.04770675 0.14001331
0.19664502 0.06572214 0.10831711
-0.18286483 -0.20461403 0.06011593
-0.23884654 0.20812184 0.14719982
0.11882082 -0.06544742 0.11377227
0.10384206 -0.23284622 0.14152774
0.21995163 -0.15555799 0.12757251
-0.00422499 -0.01841905 0.14262517
-0.17420258 -0.04319516 0.14422679
0.04008923 0.28951854 0.13463733
0.20458855 -0.26583081 0.14072128
-0.08474297 -0.37543711 0.14248399
0.00788628 -0.04429414 0.13111055
-0.00222585 -0.30335864 0.14105648
0.24500984 0.16614288 0.12428123
-0.18723018 0.12428299 0.13238272
0.26015443 0.08301433 0.13691056
-0.08536606 0.28063196 0.12917563
-0.14491689 -0.25897890 0.14557767
0.16778767 -0.25308180 0.12975900
0.12125145 0.05839452 0.12729762
0.18401888 -0.19871196 0.13923837
0.06919947 0.24519718 0.13856785
0.06870294 0.21728250 0.13732234
-0.13855842 0.13903441 0.14916119
-0.10054766 -0.10057786 0.14165363
0.24145004 -0.15243286 0.14266175
0.22584730 0.11160401 0.12189281
-0.10621798 0.12640229 0.13767038
0.20203742 -0.00602295 0.12973410
-0.16853687 0.27172095 0.12731537
0.10491347 0.00057893 0.14267635
0.07421403 -0.06436737 0.13951397
0.08750775 -0.12364859 0.14587826
-0.02272026 -0.24332951 -0.00296240
0.03892848 -0.10114873 0.14543872
-0.26116198 0.27369356 0.13705173
0.19276437 -0.25508714 0.01448963
0.11315728 0.04620678 0.14084837
-0.08444250 0.26934516 0.14028607
0.10934515 -0.07039812 0.13493085
0.04010607 0.05513509 0.13950679
0.16760214 0.08659490 0.14303935
-0.03184389 0.16374566 0.13259667
-0.00501218 -0.24511246 0.14573196
-0.16434532 -0.27147335 0.13614123
-0.08631162 -0.18598585 0.13367325
0.02035404 -0.03250011 0.13940108
0.19233908 0.03903148 0.14141381
-0.03399488 0.34324181 0.13388284
-0.00785122 -0.15358815 0.14348586
-0.09741410 0.07588626 0.14166033
-0.09011859 -0.05232782 0.13252461
-0.22313212 -0.07154409 0.14141472
-0.14497940 0.30493426 -0.05527536
-0.06503506 0.10823928 0.12554312
0.12756827 -0.32257205 0.14555147
-0.17750302 -0.03921066 0.13504866
-0.12492366 -0.21652102 0.14450678
-0.10906303 -0.09918299 0.12944794
-0.09684627 -0.13564454 0.14773503
0.16838844 -0.12455197 0.13452864
0.18915291 0.30899134 0.12702069
0.14277568 -0.28496325 0.13937643
0.19776960 -0.15395275 0.09207858
-0.09163715 -0.31369391 0.12392191
0.06773710 0.22333594 0.14519945
-0.15255195 0.24015157 0.02723391
-0.17984115 0.25506014 0.13686199
0.13563634 -0.20242572 0.13434215
-0.09586115 -0.10545481 0.14511971
0.22988811 -0.09347673 0.13761339
0.10026454 -0.33206889 0.14012809
-0.08215360 0.19335644 0.13007772
-0.17550248 0.36381355 0.13275212
-0.11077126 0.15696923 0.14762995
0.17037129 -0.27174208 0.07086743
-0.12292720 -0.39214858 0.14451371
0.12967269 -0.24406090 0.13649049
-0.11053228 -0.25353071 0.13990568
-0.18164986 0.11787374 0.12357281
-0.13087794 0.33255863 0.12161826
0.19692688 0.16975763 0.09107643
-0.12952201 -0.07128553 0.13895357
-0.17633271 0.00229311 0.14587921
0.11347786 -0.07050554 0.14370155
-0.06996723 0.31609884 0.00435792
-0.04148059 -0.16579613 0.14780279
-0.02131750 0.01871794 0.14152716
0.02969757 0.10396438 0.15440635
-0.00281089 -0.29266816 0.13107240
-0.07236739 0.10790292 0.13753554
-0.26195845 0.16776562 0.13657601
0.17895103 0.14229095 0.14949167
0.05636796 -0.06849770 0.14252505
0.01526508 0.05292322 0.13562553
-0.04879588 -0.15002760 0.14018059
0.22003114 -0.13293205 0.15010583
-0.04792830 0.14581609 0.14434715
-0.13690703 -0.17955492 0.04492546
0.18275787 -0.14160626 0.13312346
0.27520943 -0.14184000 0.15490729
-0.02499130 0.23595226 0.15022984
0.25148183 0.14191602 0.11741219
-0.11230803 0.30505401 0.14818135
0.15194696 -0.12679161 0.11073340
-0.14756620 -0.26858294 0.11787181
-0.19653508 -0.06330170 0.13914274
-0.20689994 -0.33996949 0.12206373
0.17786685 -0.33624399 0.13327971
0.14904411 0.12301257 0.14054081
-0.13085373 -0.28287405 0.14518642
0.17737612 -0.30915856 -0.04348437
-0.07246451 0.00721673 0.14016198
-0.14809613 0.05213767 0.13805348
0.02171486 0.05598857 0.14146589
0.20148258 -0.19300501 0.11889977
-0.05099909 -0.35976368 0.14649284
0.09095783 -0.17817463 0.14103356
0.08111633 -0.33884797 0.14083688
-0.14637640 0.31798849 0.13319378
-0.13140549 0.22346477 0.13936913
0.15930650 -0.21056107 0.14419584
-0.03003201 -0.00603729 0.14859989
0.04832156 0.32242912 0.14216778
0.17986017 0.26186463 0.14820844
-0.16254948 0.40080053 0.12989746
-0.02192970 -0.38118684 0.13127396
-0.19667390 0.32488069 -0.14794841
-0.10312011 -0.37113011 0.13339661
-0.17524020 -0.13414986 0.13593814
-0.06679127 -0.20299485 0.14074531
0.14303373 -0.03768091 0.14291105
0.21257302 -0.10008034 0.13913848
-0.09794669 0.04320808 0.13844511
-0.16476206 -0.22556241 0.14062060
0.02711367 0.00906658 0.14089751
-0.08563690 -0.15822375 0.14432471
-0.24638978 0.06333285 0.14504519
-0.10505077 0.38200310 0.09838767
-0.13320366 -0.07518359 0.03044770
0.04326941 0.12293498 0.14343297
0.22388139 -0.25294575 0.15203665
-0.14220947 -0.17510083 0.14161846
0.02767842 -0.32177728 0.14798541
0.16778246 0.32668698 0.14526892
0.19074099 0.25122580 0.10395266
0.01491706 -0.20535964 0.14562373
-0.16033831 0.17116617 0.14202735
0.04074463 -0.36499065 0.14491104
0.05674107 0.21842611 0.13406916
0.06909332 -0.25992760 0.13391499
0.12219466 0.00683947 0.14288525
-0.07409066 -0.29102767 0.13451065
0.20910877 0.00183040 0.14042793
-0.11345658 0.08267432 0.14451458
0.18635106 -0.05237513 0.13659011
-0.10175926 -0.14630996 0.10897204
-0.12449098 -0.06085050 0.14297116
-0.22327501 0.13349518 0.14778885
0.04036757 0.11883323 0.14618237
0.16203335 -0.11901394 0.14215586
0.08250968 0.05109992 0.14185546
-0.10745144 0.10377076 0.13673574
0.03170015 -0.34931195 0.14587587
-0.07407519 -0.36190876 0.13130975
0.17713124 0.25832355 0.11500310
-0.16189381 0.10610148 0.14538305
-0.09899033 0.01731730 0.01455281
0.22344211 -0.27897054 0.11435092
-0.13300647 -0.00943938 0.14112224
0.16088308 -0.32408404 -0.07254940
-0.10241957 -0.26063722 0.00888051
0.14063388 -0.11770515 0.14502013
-0.16587952 0.34389853 0.15109998
0.21615404 -0.23265633 0.10894866
-0.06484702 0.13703795 0.12313181
-0.11786173 0.04006115 0.14873648
0.07756880 -0.12336337 0.12889248
-0.22330494 -0.27898648 0.13453341
-0.21018529 0.27463341 0.13147740
0.09303758 -0.09558778 0.13562593
-0.13810234 0.36185479 0.14252056
-0.01660773 -0.30086040 0.14319097
0.19531663 0.30613428 0.09382849
-0.04755231 0.25661224 0.13265982
-0.04860773 0.29302782 0.13831213
-0.06831091 0.06630009 0.13694455
0.11860389 -0.29768836 0.14477707
0.00756630 -0.26076606 0.13255259
0.00883494 -0.26103872 0.12398170
-0.04851402 0.27140200 0.14336342
0.04835825 0.19853394 0.14467210
0.18421556 0.28185260 0.14014202
0.06489074 -0.05842392 0.05125675
0.03278827 0.35259280 0.12738079
0.01179910 -0.15550593 0.14400414
-0.02594135 0.06088531 0.14871249
-0.16928913 0.29518890 -0.16098844
0.12304755 -0.18365504 0.12642413
0.01557185 0.31137133 0.14615834
-0.01836375 -0.16543239 0.04900489
-0.15407442 -0.23314796 0.01012883
0.19680454 0.18670078 0.11942837
-0.19019340 -0.28478724 -0.00595050
0.02552370 -0.30334985 0.13934481
0.13133737 -0.33136132 0.12635690
0.14411667 0.35658854 0.12604901
0.20300111 -0.28409836 0.13067824
-0.03760374 -0.02774300 0.12923792
-0.16917367 -0.28737116 0.13055792
-0.00620088 0.16433929 0.14245151
0.01495098 -0.37292635 0.13145837
0.12404840 -0.28290975 0.13304955
-0.14365654 0.34859166 0.13369685
0.10106233 0.02950648 0.13259687
-0.07403781 0.25393859 0.13765551
-0.16372479 0.11770111 0.14357373
0.13234493 0.03773594 0.13366999
0.05181272 0.08536039 0.13759789
0.17919688 -0.33525711 0.05835031
0.05929973 0.03317753 0.12771109
-0.20929351 -0.30803120 0.14337967
-0.11482862 -0.13808671 0.14137326
0.12584670 -0.29982871 0.04037214
-0.18172634 -0.16744900 0.14779699
-0.08844122 0.33697802 0.11089218
0.19820943 -0.26743507 -0.01161249
0.18926255 -0.19956571 0.13307133
-0.24387880 0.07183422 0.13526252
-0.10771862 -0.13270444 0.14182749
-0.08234976 -0.28840014 0.13569444
0.17324415 -0.26177141 0.13215034
0.02123412 0.33202231 0.11128516
0.09018385 0.10655663 0.14157403
0.14200483 -0.21227358 0.14702556
-0.11601187 0.05609602 0.14615139
0.08120351 -0.13683727 0.14298065
-0.05929332 -0.13068479 0.13793908
0.12626798 -0.19403636 0.14979088
0.20289233 0.29649523 -0.04076736
-0.06508583 0.06644870 0.14030096
0.07916185 0.26159906 0.14306509
0.18742740 0.31929851 -0.11279567
-0.16878098 -0.13888937 0.13171843
0.02824802 -0.00266258 0.06595515
-0.19038868 0.10822099 0.07979500
-0.21468003 0.36135408 0.12591048
0.14094581 0.39635605 0.13483980
-0.20792693 0.33150274 -0.06498165
0.20827053 0.33133736 -0.02386320
0.08139715 0.22808455 0.13983077
-0.04283770 0.01044353 0.14104307
-0.17843702 0.31663874 0.11523781
-0.17118883 0.11385680 0.14835213
-0.15766045 0.12230016 0.14320403
0.17401898 0.20574582 0.10234521
-0.04466746 -0.17211890 0.13917638
-0.16636321 0.37712789 0.13888688
-0.19720006 0.27221435 0.12123553
-0.21402548 0.06824560 0.14366227
0.02549277 0.21774417 0.13664858
-0.07383800 -0.09938291 0.06530462
0.14366154 0.06937576 0.14563167
-0.12004116 -0.31722051 0.13833465
0.01532853 0.35810173 0.13981605
-0.26022831 0.08172633 0.13037992
0.11551107 0.27940902 0.13816562
-0.00880443 0.17930414 0.14986560
0.05379143 -0.10926805 0.03123854
-0.17915128 0.02945768 0.14597817
-0.14417946 -0.31457826 0.09878065
-0.17951766 0.34567976 0.10001854
0.07321605 0.15079118 0.02165878
0.16925402 0.31846428 0.12133141
-0.04669589 -0.30479074 -0.03889659
0.20323090 0.02167432 0.14409335
0.10640458 -0.22507012 0.13187999
-0.21579936 -0.29410136 0.13027659
0.11347656 0.07478933 0.12606230
-0.17134091 0.21635754 0.13923369
-0.19403388 0.20129661 0.14110114
0.16752505 -0.23049036 0.14789841
0.07453829 0.06344702 0.04826194
0.08196625 -0.36039487 0.14847253
-0.10096467 -0.07465202 0.13575190
-0.00542475 0.35288596 0.13708043
0.14023021 0.05464446 0.13501109
-0.14184089 0.27431515 -0.13042817
0.08359857 0.30670601 0.14593492
-0.14258565 0.02157001 0.14101136
-0.17865252 0.33884406 0.10942999
-0.09595145 0.20570228 0.14529154
0.16396110 -0.13329443 0.10386027
-0.00215851 -0.15922010 0.14068842
-0.22209975 0.31503442 0.07329459
-0.20759737 -0.14425136 0.08470714
-0.03097545 0.04015591 0.13516349
0.09356087 0.01178094 0.13792840
0.09933620 0.14696157 0.12009867
-0.21565104 0.21524549 0.13671815
-0.16002318 -0.06909699 0.14211379
0.21100056 -0.03909948 0.13729253
-0.13058883 -0.26866120 0.13709462
0.26507705 -0.05478201 0.13344234
-0.17058082 0.31741485 0.07115281
0.14917843 0.05798382 0.09681305
-0.21043962 0.02621264 0.14030519
0.15692116 -0.20680434 0.12300906
0.20969343 0.09111716 0.12708537
0.13790508 0.25182059 0.14697996
0.18933424 -0.31668597 0.02981733
-0.01158846 0.29058656 0.13433111
-0.16232787 -0.23571984 0.12381098
-0.04381459 0.03581404 0.13758731
-0.05132437 -0.03553256 0.14179406
-0.17230335 -0.03585273 0.11615571
0.17265570 0.39626217 0.13695759
0.16600972 0.08949731 0.09929808
0.22586700 -0.32541555 0.09692345
0.19812606 0.12459253 0.13592020
0.12406248 -0.25745171 0.14553738
0.23942980 0.27210727 0.13701263
-0.05876144 0.33542457 0.14295420
-0.09634312 0.23294222 0.15304036
0.02893736 0.22909598 0.13812700
-0.15573566 -0.06790581 0.11977673
0.01275497 -0.13475093 0.14729479
-0.04568957 -0.11038622 0.13555753
-0.13014090 0.21950780 0.14448364
0.14466834 -0.22426626 0.12575068
0.05462867 -0.22954114 0.14452921
0.20838988 -0.30355686 -0.02988912
0.00443853 0.22350875 0.13989323
0.00577781 0.34522840 0.12730256
0.24895337 0.23157808 0.14436144
-0.16168454 -0.17853472 0.14368697
-0.02879573 0.17850624 0.14547561
-0.15723813 -0.28288728 0.14250813
-0.20507616 0.00559005 0.14987248
0.20380400 0.03667784 0.13873300
-0.21157707 0.00700540 0.09576894
0.00497060 0.19525345 0.14745224
0.22746417 0.33653748 0.08154935
0.03877179 -0.31055576 0.01944408
-0.17538254 -0.08809941 0.14514236
0.20448081 -0.08995616 0.14144808
-0.14964208 0.12252689 0.14564879
-0.25716060 -0.26247206 0.13280950
0.19689587 0.32406178 0.15101968
-0.04809448 -0.00591142 0.09417398
0.23897746 -0.17079161 0.09834470
-0.17620914 0.34662312 0.14097613
-0.04949763 -0.28644380 0.06100922
-0.12510760 0.29886144 0.15079927
-0.11778562 -0.36970553 0.13315389
-0.14276412 0.13526958 0.13032916
-0.14593270 -0.35406402 0.14277101
-0.06495082 0.27532589 0.13601893
-0.08750330 0.04897453 0.14240931
-0.16489600 0.11448797 0.14501278
0.06891295 -0.11330016 0.13933876
0.13114253 -0.25655422 0.13765630
-0.08174530 -0.08301462 0.13779108
0.04021812 -0.33198044 0.12953269
0.08119471 -0.06054296 0.13731405
-0.05410134 0.27262905 0.14642107
-0.01588929 -0.01838011 0.10456511
-0.10574015 0.32784498 0.14829063
0.24232942 -0.26926368 0.13259323
-0.21290433 -0.39388841 0.13353848
-0.12776819 -0.29975176 0.14212891
-0.25017646 0.10530001 0.13728414
0.22739480 0.20321757 0.11985515
0.23535822 0.21912384 0.15343574
-0.18346599 0.24189837 0.12197280
-0.19008759 -0.02544896 0.14654310
-0.11296276 0.02333660 0.12879646
0.18657964 -0.31177554 -0.01337859
-0.24549218 -0.37538996 0.12182784
0.19171348 0.07836930 0.12100918
0.07522082 -0.01636161 0.02528733
-0.17190884 -0.21934639 0.11216635
0.15696767 0.09353598 0.14309582
-0.14969178 -0.33166251 0.14312722
0.18676989 -0.12439144 0.12338524
-0.07948056 0.32844919 0.10170910
0.07808568 -0.03082255 0.13573281
-0.02224436 -0.10892149 0.13752922
-0.13579285 -0.30277440 0.15273809
0.08110411 0.36554846 0.13785964
-0.14675778 -0.30333027 -0.07123572
-0.09637468 0.38079673 0.12687635
-0.19156006 0.26139784 0.13592094
-0.11638179 -0.31066006 0.10581024
-0.18372513 0.13422512 0.13874508
-0.02539597 0.05786271 0.14895448
0.08146208 -0.32029089 0.07594720
-0.08235039 0.10825417 0.13373905
0.14773808 -0.28295457 0.04808866
-0.04551801 0.04189734 0.14302672
0.04039038 0.31572381 -0.02427902
0.05584037 -0.18423787 0.14736000
-0.21955279 -0.07766547 0.11145412
-0.06795917 0.17881092 0.12477536
0.22013421 -0.07797088 0.12777245
0.04208382 -0.14358494 0.14608988
-0.13290638 -0.04999898 0.14226784
-0.07693319 -0.40822735 0.13621877
-0.07017673 -0.00063629 0.15197657
-0.17543328 0.33022824 -0.01880054
-0.17943889 0.02639437 0.14700271
0.16744667 -0.33275139 -0.07072699
0.12639557 0.10741219 0.14226300
0.01405478 -0.31557262 0.14525159
0.03402047 0.34548518 0.14200941
0.25399315 -0.13578868 0.13881727
0.18005699 0.12836698 0.13508448
-0.23291710 0.11716520 0.13704327
-0.12790307 -0.15395853 0.13356109
0.21199480 -0.22827518 0.13851786
-0.05420727 -0.26670080 0.14522731
-0.14620103 -0.08091053 0.12673979
0.22704355 -0.10730279 0.10802762
0.03952737 -0.10113996 0.14424163
0.20694870 -0.33244970 0.05029403
-0.05607580 0.20558572 0.09110878
-0.11905709 -0.33737636 0.15207876
0.00352196 -0.00918639 0.13184947
-0.06092046 0.13007906 0.14387907
-0.19755013 0.09605141 0.15098053
-0.10057799 0.29111856 -0.05877928
0.20682019 -0.33119720 -0.05692849
0.19979057 -0.37979963 0.15157776
-0.17599106 0.17141622 0.14565730
0.03042548 -0.12722492 0.13684541
0.11150096 0.05187797 0.12042634
-0.28385019 -0.04028248 0.13772050
-0.15866151 -0.20566598 0.14021671
0.21081080 0.19625308 0.13225068
-0.21503949 0.22073530 0.12173611
0.20474848 -0.05610649 0.14963192
-0.09463158 0.22940169 0.14631514
-0.12790361 -0.03799286 0.13385372
-0.03521574 0.17337777 0.03854450
-0.00805853 0.10791852 0.06908608
0.01895033 0.34410423 0.13358974
0.22886655 -0.24473280 0.15267250
0.15370271 0.19811186 0.14250953
0.04617528 0.36820909 0.11209965
0.08103165 0.30550233 0.08736110
0.09870584 0.20768440 0.11369632
0.00803032 -0.10804073 0.14039546
-0.13992977 -0.02341978 0.13053596
-0.15677680 -0.36528683 0.12171549
-0.22086850 0.25550193 0.11735027
0.00672061 0.14901088 0.10723836
-0.12968892 0.35022801 0.14347191
0.14488280 -0.02692146 0.13863121
0.10452918 0.29892501 0.14336102
-0.04562608 -0.04676636 0.12966543
0.15201707 -0.01227016 0.14225999
0.13685605 0.25005153 0.14562021
-0.19151214 -0.12329601 0.14631851
0.21369311 0.04218966 0.13775815
-0.06544086 -0.04558600 0.15250729
0.18178256 0.13413307 0.13539824
-0.16979711 -0.34377888 0.12107548
-0.14640820 -0.18184251 0.14745428
0.07673005 0.16646715 0.03791786
-0.17798215 0.22826967 0.13390505
0.06838554 -0.16673620 0.14382316
0.03026308 0.15348698 0.13885558
0.02174613 0.33129519 0.03240002
-0.15631853 0.19516918 0.12480169
0.19257428 -0.24561724 0.14607367
0.03919327 0.23954652 0.03880044
-0.00291339 0.23006842 0.14290637
0.16362225 0.08874050 0.14454260
-0.09295236 -0.33350453 0.13555498
-0.07060499 -0.36966994 0.12817824
0.15620267 -0.28558481 -0.02997291
-0.00249555 0.23576082 0.14199148
-0.21338314 -0.30175710 -0.02574740
0.10683629 -0.26999369 0.13520181
-0.06394659 -0.39758205 0.13623898
0.19045480 0.28906807 0.06424210
-0.12646833 0.26765749 0.14390479
0.01537790 -0.33862367 0.13475238
-0.07890356 -0.12776142 0.13693681
-0.01934278 -0.12427747 0.13369046
-0.19012091 0.29575068 0.14473286
-0.21491456 -0.15240350 0.13491328
-0.24817728 -0.02672792 0.12009461
-0.12413918 -0.12875591 0.13913526
0.03043774 0.38191855 0.14249165
0.21161681 -0.31696430 0.15143192
-0.22388342 0.14015567 0.11938407
-0.20526502 0.15456530 0.15105788
0.14580947 -0.02044298 0.14225471
0.26929784 -0.11730574 0.14254132
0.05090180 0.34044594 0.13673851
0.21551213 -0.10297449 0.12847506
-0.14277446 0.06959752 0.13560250
0.12886611 0.14983875 0.14582723
-0.13555843 -0.05141897 0.13648689
0.10626963 -0.26233369 0.14373130
-0.19208884 -0.00965937 0.14597359
-0.21940430 -0.28677049 0.15325755
0.03163778 0.23590031 0.11738835
-0.09533572 0.10404727 0.14400467
0.17937474 -0.10731532 0.13704202
-0.01447552 -0.33772042 0.08463848
0.03748018 0.29050475 0.14644396
0.10708469 -0.09479144 0.14172305
0.10558400 -0.29525656 0.07944979
0.01440351 -0.07470453 0.13524137
0.21670561 0.12113954 0.12730868
-0.15015253 0.19860390 0.12273720
0.24006447 -0.15854144 0.14620948
-0.02612811 0.16779083 0.13961096
-0.18619251 -0.32538575 0.13354787
-0.20441392 -0.32430911 -0.14076412
-0.02169419 0.10156434 0.14157932
-0.15581538 -0.32236284 0.14328612
-0.19246800 -0.28291941 -0.05937595
0.04528239 -0.29640174 0.14678527
0.16291264 0.30669942 -0.16898733
-0.16687900 0.31468084 -0.08042625
-0.07019082 0.02191895 0.14414616
0.15904880 -0.20330672 0.14253989
-0.24302047 0.28224203 0.11791549
0.18162404 -0.10250046 0.09213987
0.02626291 0.07621905 0.14387020
-0.09360525 0.35400361 0.11635575
-0.13560870 0.30946690 -0.06302372
-0.17393769 0.07197282 0.14035709
0.00863277 0.33329952 0.08183125
-0.07244469 0.01401640 0.14595477
-0.01355733 -0.00908840 0.14282429
-0.06227259 -0.36889240 0.09813356
-0.14742035 0.33213726 0.10308911
-0.22139621 -0.27184591 0.14520995
-0.08608295 0.23801702 0.13717167
-0.21668836 0.34933355 0.10467813
0.23208679 0.14262973 0.14429025
0.01450937 -0.27422255 0.14465497
-0.13337821 -0.23177533 0.12138098
0.21972476 -0.25766182 0.13632186
0.16440263 0.09430839 0.13534585
0.01542373 -0.27611369 0.14183101
-0.00827084 0.14293770 0.14087579
0.17912988 0.32041487 -0.05866404
0.06612591 0.15511896 0.15419134
-0.11336291 -0.14040291 0.14618854
-0.09537762 0.15374108 -0.00169937
