2048
0.16308323 0.17559710 0.04726684
-0.11748601 -0.03921626 0.17290771
-0.18856239 -0.14931072 0.10868448
0.10044499 -0.17282990 -0.07304141
0.14356869 -0.29942819 0.16961405
-0.28917167 -0.01920814 0.17439376
-0.23595011 0.29449779 0.17752872
0.20425066 -0.21755967 0.15747641
-0.18150121 -0.17778900 0.10393734
0.06035056 -0.18755510 0.08681114
-0.14911196 -0.14160979 0.08065493
0.14417043 0.30903035 0.17821085
-0.19309938 -0.21964318 -0.10935446
0.01784951 0.03745322 -0.00433998
-0.27662000 0.10660473 0.18185875
-0.09795506 -0.06134326 0.15990601
0.21243161 -0.27054000 0.16565517
0.21440342 0.12167121 0.17312713
0.12109353 0.26870936 0.18133533
0.04459653 0.32154220 0.17172870
-0.26117954 -0.17694083 0.16142131
0.02421321 0.00528584 0.17227948
0.01175892 -0.10356233 0.17389464
-0.15658061 -0.15282008 0.18155523
0.09256786 -0.06920975 0.11823330
0.01933817 -0.19575021 0.17681886
-0.05957630 0.17965741 0.17422935
0.09320536 -0.08738014 -0.06869408
0.19379130 -0.15662734 0.04478798
-0.17887808 0.28010383 0.14903399
0.21314520 0.13629346 0.16504095
-0.00982261 0.32943022 0.15001297
-0.07568360 -0.12312444 -0.06296580
-0.08015916 -0.01844656 0.17855178
0.14932157 -0.09095824 0.17511709
-0.08635409 -0.01865950 -0.05324516
0.31046346 0.09321587 0.15873305
0.18091975 0.16765946 0.07116043
0.14098598 -0.18506466 0.16427198
0.00565166 -0.22459629 0.17546010
0.26980808 -0.13916615 0.17490537
-0.03422224 0.19706550 0.17111748
0.17955051 0.18313211 0.16808017
0.24328575 -0.24378815 0.13629514
-0.30486366 -0.09508790 0.17209426
0.09309819 0.31216219 0.15969872
0.23254994 -0.11383580 0.17046031
-0.13612434 0.35444087 0.17701194
0.17578879 0.16315493 0.11071017
-0.04294296 -0.25289604 0.17447813
0.31061900 0.02617682 0.16803819
0.08023576 0.12325753 -0.03877047
0.10650241 0.12686035 0.16881682
-0.24204972 -0.03091495 0.18163334
-0.16012084 -0.19630367 -0.04586067
0.00295785 -0.12933894 0.17267257
-0.12958589 0.18028612 0.17213914
-0.22675891 0.10102715 0.17460474
-0.09622828 0.12620381 0.17064029
0.10968472 0.20638351 0.17494924
0.18366678 0.16737834 0.17681569
-0.19269091 0.20320532 0.18181334
-0.04348665 0.17906366 0.17521694
0.13588080 0.05996354 0.16979901
-0.24363454 -0.08035685 0.17850512
0.02704243 -0.09424914 0.17579865
-0.24564810 -0.18320112 0.15848631
-0.18912578 0.19389988 -0.03372953
0.16635953 0.07887064 0.16583894
-0.24485528 0.14039052 0.17355087
0.23509416 0.02290763 0.18231271
-0.20244955 -0.20588654 0.16195968
0.21970886 -0.16055328 0.17059733
0.27386323 -0.04399476 0.14364667
-0.26118809 0.12577112 0.17886107
-0.10317311 0.24295023 0.18044090
0.02412345 -0.22710390 0.17236447
0.30717370 0.17270601 0.16872442
-0.14448531 0.26266938 0.16564701
0.00952683 -0.32559192 0.14947078
-0.19125429 0.16415477 0.17663676
-0.16742536 -0.16309269 0.16780612
0.16427040 -0.24961120 0.15729983
-0.15067235 0.17981371 -0.08276842
0.09790999 0.21085411 0.16327396
0.20026755 0.21975634 0.18063219
0.06661408 -0.09871672 0.17505230
-0.25633797 -0.06832995 0.16677482
-0.29027101 -0.26360530 0.15276417
-0.21342865 -0.20493239 0.10291173
-0.06439952 -0.13605382 0.17795724
-0.13185155 -0.00990848 0.14901815
0.21310097 -0.23277470 -0.12158468
-0.00011830 0.02322216 0.17793328
0.21663973 -0.15882427 0.17671013
0.06912705 -0.08831349 -0.06802204
0.28915590 -0.01926261 0.17566548
-0.06460781 0.05246950 -0.00959839
-0.09743722 0.21200083 0.17661518
0.22038354 0.10393579 0.17552468
-0.05154863 -0.01569720 -0.06005137
0.11188310 -0.10828084 0.17460988
0.08528005 -0.02010002 0.16865186
-0.13329856 0.24372141 0.17930688
0.07056953 0.16571496 0.16978724
0.05097979 -0.14090544 0.17036940
-0.18447706 0.23042524 0.15507567
-0.08858660 -0.14143471 0.15942416
0.13730258 -0.13230485 0.17465694
0.06804628 -0.30519468 0.17488851
-0.24420950 0.04060390 0.16834047
-0.24616566 -0.00854968 0.17318548
-0.15778279 0.14531876 0.16928552
0.21079203 -0.02974189 0.16128950
0.23570390 0.01210483 0.17006992
-0.12773216 0.06700975 0.17953011
0.22310027 -0.06183003 0.16371322
0.00998495 0.13303974 0.16404390
-0.20627104 -0.29013696 0.17556408
-0.12725316 -0.18275052 0.18275833
0.26498273 -0.16933158 0.17417908
-0.28847489 -0.10466227 0.15169293
-0.20965551 -0.22512215 0.17414105
0.07125762 -0.22298291 0.09102441
-0.15145186 0.25996274 0.17199978
-0.08488806 -0.08666775 0.17610423
0.08322012 -0.26188546 0.17581894
0.03958736 -0.12757680 0.15097864
0.18982111 0.18390319 0.16991238
0.23123464 0.17740354 0.17329107
-0.25863022 0.24056095 0.15560809
-0.09951147 0.03625518 0.17869663
0.28788495 0.24953370 0.16515209
0.16510551 -0.19067527 0.17673635
0.17114712 0.11755702 0.17354573
-0.06093263 0.01847837 0.18020213
-0.24909995 0.02280855 0.17664319
-0.04433921 0.08777698 0.17391753
0.17688115 0.17598930 -0.16771017
-0.16080019 0.21493764 0.17756251
0.15974924 0.09620292 0.14855979
0.00437248 -0.03230054 0.17878890
0.01163367 -0.29748672 0.17846234
-0.09725548 -0.06992532 0.17503986
-0.23144016 0.02530448 0.15290207
-0.25940740 -0.10091910 0.17538872
-0.07695307 -0.21307205 0.16598760
0.14841306 -0.00739729 0.16973817
0.18603504 -0.18294001 0.17065465
0.08817700 -0.15238011 0.17266281
-0.11101608 -0.02070607 0.16145979
-0.11887234 0.07826357 0.17128910
0.29080179 -0.30263001 0.16507475
-0.18182881 0.01619850 0.18486357
0.29276657 -0.02875220 0.16729015
-0.19596061 0.01829632 0.17810011
0.13669756 0.06016373 0.17087114
0.14259270 0.18247512 -0.07326140
-0.13611551 -0.19604659 -0.05853372
0.02000689 -0.22523731 0.17956084
0.29843557 0.03898457 0.14669263
-0.18339172 0.16732469 0.18009086
-0.09967365 0.06123389 0.11176130
-0.12772816 -0.08079027 0.17452407
0.26720715 -0.19763695 0.15150385
0.01089414 -0.11441429 0.17386314
-0.09981343 -0.03197389 0.17134504
-0.15570956 0.07186404 0.16689223
0.18885946 -0.01268021 0.17082934
-0.09409173 0.09802146 0.18113641
0.12501279 -0.28160921 0.17851757
-0.05323659 -0.12281372 0.16355819
-0.09772728 0.34386241 0.17411664
0.20369433 -0.07049493 0.16291608
-0.11090238 0.12115417 -0.02279690
0.10535355 0.13015416 0.17841056
-0.24275157 -0.13794369 0.17440803
0.13091496 0.02318595 0.17662902
-0.21901964 0.10600998 0.17032956
0.01098260 -0.03089249 0.17938110
-0.17841998 -0.02054162 0.16970825
-0.24000391 0.28854218 0.17600736
0.25980833 0.20651962 0.17235790
0.17067729 -0.19030559 0.00437038
-0.07084025 -0.28183219 0.17820974
0.12995185 -0.04992024 0.16762038
0.03229074 -0.04458831 0.17282519
0.18300270 0.28978872 0.16894287
0.18240097 -0.20294625 0.17411375
0.10787476 -0.05386100 0.17124256
-0.17291357 -0.16445990 -0.14809011
0.05818372 0.16730309 0.17193916
-0.27416709 0.00379953 0.17180976
0.20768352 -0.28956106 0.15752245
0.10500312 -0.11850642 0.18360510
0.06044527 -0.18816698 0.17598644
0.10370657 -0.11910842 -0.05294552
-0.11344269 -0.07514374 0.17864244
-0.01481109 0.06028814 0.18086939
-0.17124833 0.10653046 0.16763221
-0.07380156 -0.28217769 0.16698241
-0.18427439 0.01424017 0.16920701
-0.18867147 0.12166704 0.14994970
0.00046793 -0.04785687 0.17364229
0.18864265 -0.13465570 0.15392631
-0.12789413 -0.18520240 -0.07475569
-0.02978185 0.13988096 0.17093058
0.04549706 -0.11651304 -0.06283563
0.02028365 0.01256138 -0.06560397
0.12682563 -0.04369538 0.17679387
0.13349120 -0.17363858 0.16421710
-0.05521253 -0.10147657 0.17710026
0.17839868 -0.20651817 0.17147188
-0.09974317 -0.28039047 0.17239638
0.13712758 -0.07784340 0.16483559
0.02459091 0.13961990 0.17625213
0.01714395 -0.02944450 -0.06294369
-0.20012304 0.18922810 0.18283622
-0.14133474 -0.00897370 0.14319283
0.01778406 -0.32377842 0.17564017
0.17625464 -0.13332953 0.17393617
-0.25805283 0.09133957 0.15642653
0.19968781 0.26529163 0.17529489
-0.03833648 -0.10613109 0.17595981
-0.17511573 -0.28066531 0.17267209
0.17635861 -0.05634624 0.17366616
-0.13557371 0.15553010 0.15650320
0.19340105 -0.07575493 0.14192195
-0.00221142 0.12919027 0.17676435
-0.04404952 -0.21320169 0.15766776
-0.06261212 0.26050705 0.18177533
0.28369009 0.08665156 0.14857449
-0.23818155 -0.05529768 0.16315420
-0.14574558 -0.25332662 0.16754188
0.03519358 -0.05683959 0.06672785
0.10655452 -0.16531034 0.16999274
-0.03975898 0.19811307 -0.04595682
0.23145175 -0.18684381 0.14332281
0.03431755 -0.14402692 0.17759624
-0.24517076 0.15264758 0.15740040
-0.17400450 0.18924740 0.17904073
0.13850762 -0.21222253 0.17664941
0.28265765 0.13085914 0.15887514
0.19267038 0.31874084 0.16066933
0.15645902 0.13223350 0.17515771
0.17219329 0.31140298 0.17218965
0.04623929 0.35458982 0.18315031
-0.04558822 -0.03889800 0.17903505
0.16723907 0.18941191 0.17347687
0.12297200 0.25226748 0.17745058
-0.02757736 -0.14057067 0.14090052
0.02765602 0.32249984 0.16938598
-0.16015539 0.17372182 0.04021530
-0.16480052 0.25871792 -0.13449217
0.04587642 -0.03574515 0.17738755
0.15142840 -0.13909256 0.17419320
-0.14763014 -0.02490780 0.17978498
0.13302474 -0.07352051 0.13547257
0.31143373 -0.20714356 0.16923021
-0.01091549 -0.08126947 0.16943792
0.25383684 -0.34501308 0.15193355
0.09275309 0.16745879 0.15394650
0.23044114 -0.00826142 0.16607668
-0.03544074 -0.08649860 0.17337012
0.13707265 0.20005973 -0.06880234
0.15762167 -0.16264465 0.15049762
-0.06407399 0.19146836 0.17317642
-0.26650351 -0.07472712 0.16779703
0.13204587 -0.19197439 0.17798924
-0.12369749 -0.11691406 0.17765200
-0.03561823 0.04626601 -0.04030976
0.14605704 0.23554938 0.14705682
0.29833195 -0.24022475 0.16307561
-0.23038732 -0.05917237 0.13354091
-0.14727798 0.18830033 -0.04856856
-0.20502920 -0.02635071 0.16863160
-0.13760976 0.24276277 0.12236336
-0.11625356 0.17871171 0.17002231
0.23007888 0.24465986 0.17421773
0.06609733 0.03979634 0.17010933
0.06149303 -0.17296994 0.16648126
-0.23990917 0.00557210 0.16222700
0.03665395 0.27291211 0.17000738
-0.17819484 -0.22262436 0.17496350
0.11291581 0.17119840 -0.05585227
0.01477289 0.06285049 0.17417310
0.14429922 0.22435409 0.17967153
0.28849602 -0.02027728 0.13815220
0.31396919 0.11730688 0.16412039
0.15644313 -0.24087968 0.19133316
0.08952709 0.22437637 0.16133635
-0.27592263 -0.13814092 0.17656536
-0.20190789 0.03151484 0.17348062
0.17260602 -0.22322893 0.17204526
0.17006549 -0.19860087 0.11478886
0.19881001 0.19615170 0.16953474
-0.26394573 -0.11305773 0.17713425
-0.07460146 -0.13129187 0.17872190
0.02447129 0.16876212 0.17811581
-0.10324281 0.16272767 0.08054765
0.18984997 -0.20864379 -0.11506699
-0.11361602 -0.25169250 0.17081331
-0.27567375 -0.10375321 0.15617277
0.05166551 -0.23116453 0.17372012
0.15207800 -0.06269641 0.18076804
0.17347549 0.21169314 0.12603420
0.20369920 -0.12584893 0.16734184
0.09239405 0.19835338 0.16480625
0.18786788 0.19126415 -0.02180173
-0.23155433 0.08503005 0.17673507
0.04214999 -0.33586803 0.16878958
-0.12816164 -0.26583254 0.14274780
-0.28037632 -0.06826600 0.15096767
-0.06031842 -0.08756328 -0.02448532
-0.08491261 -0.21561861 -0.12955996
0.07102801 0.27816999 0.17631662
-0.23752539 -0.11970439 0.18475138
0.09912653 0.14411353 0.18051106
0.09174453 0.05236215 0.16372356
0.12286281 -0.18337400 0.10352815
-0.26582631 -0.23545060 0.15339656
-0.29189330 -0.24600221 0.17789723
0.18166608 0.22258368 -0.06722328
-0.03399925 0.19256201 0.17684403
-0.26695561 -0.06923639 0.16216518
-0.00695786 -0.27416790 0.17663975
0.04321613 0.20170689 0.17661339
-0.00130297 -0.19017017 -0.03736224
-0.26978365 -0.19641705 0.16022483
0.05227044 0.11275645 -0.07662111
0.01609214 0.14317210 0.17208323
0.08453906 -0.05360227 0.16991793
-0.02643923 -0.15954493 0.16987815
-0.20058483 -0.18926063 0.17279434
0.08062692 -0.22187622 0.17582452
-0.23719233 -0.19971837 0.13553047
0.15618771 -0.35535619 0.15704212
0.08753940 -0.27343142 0.17175703
0.17080413 -0.17821857 0.18094799
-0.12020047 -0.11375357 0.17510132
-0.08482986 0.03897215 0.17024845
0.19361393 -0.00602536 0.16263111
0.11219031 -0.03477256 0.17717215
-0.09584679 -0.05836748 0.17820390
-0.01093002 0.15956075 0.16771069
-0.15065077 0.09729676 0.17820695
-0.12140820 0.02021702 0.17694880
0.10856272 0.00831981 0.17833257
-0.07497240 -0.18132515 0.15619265
-0.20646858 -0.02908376 0.17743468
-0.22249171 0.00602572 0.17644566
0.29470527 -0.00785195 0.16356850
0.19946323 0.20938776 0.09724839
0.18972079 0.21667780 0.15597577
-0.27590606 0.08979344 0.16473301
-0.27171448 -0.00790770 0.17309962
-0.14326996 0.14947835 0.15457255
-0.24887547 -0.15773691 0.16772324
-0.32167313 -0.03944740 0.17001392
-0.19981647 -0.33971769 0.17482434
0.11839151 0.32990998 0.15986569
0.28907087 0.30828369 0.17650259
0.07187733 -0.22242697 0.14751464
-0.07453316 -0.20218539 0.11031865
-0.00235988 -0.27515882 0.17395064
0.15716068 -0.21551931 0.17599739
0.02625931 -0.25844008 0.16837209
0.22177650 0.04376645 0.17282538
0.23121755 0.01677381 0.17692661
-0.18294367 0.27820462 0.17785698
0.19694614 0.32018816 0.17087987
-0.11447127 0.29837516 0.17386843
0.20530300 0.03294547 0.17637587
-0.18963340 -0.16351770 0.17667961
0.09645110 0.28291243 0.16642010
-0.13007502 0.26553017 0.17572768
0.16402014 0.31793383 0.16375537
0.21793406 0.19302312 0.17044866
0.27845368 0.27222982 0.17309180
-0.13217831 -0.18644071 0.16964781
0.20088294 -0.21427605 -0.17099854
-0.20316938 -0.14078540 0.17338444
0.19609311 -0.20354712 -0.00824605
-0.27714002 0.14820337 0.17183433
-0.11470588 -0.25875527 0.17418478
0.15165551 0.05178350 0.17110775
-0.02925592 0.09174199 0.15004748
-0.16335797 0.24675895 0.17748109
0.08955948 -0.24814844 0.18564160
-0.24040276 -0.18427278 0.18988355
0.04430718 0.06833027 0.17421785
-0.04971674 0.26521173 0.18296289
0.12284479 0.14719093 -0.03539764
0.13054627 -0.29312226 0.17192401
0.21692142 -0.17358848 -0.13204548
0.18616907 -0.12496961 0.16718404
-0.13204744 0.33178467 0.14961353
-0.18907036 0.08388126 0.18000013
0.11717071 -0.30800954 0.16703010
0.11613882 -0.13187978 -0.04827558
-0.10189714 0.10562155 0.16871123
-0.14969571 0.04943854 0.16279049
0.16072035 0.05677848 0.17346373
-0.24669257 0.00940742 0.17167592
0.00394971 0.24429218 0.16920771
0.15455070 -0.16356154 0.17067726
0.11612324 -0.02525830 0.17614630
0.13699247 -0.19233601 0.15382324
-0.17616692 0.21249796 -0.10831650
-0.07056776 -0.27360675 0.17341973
-0.00034391 0.09790932 0.17664066
-0.12420593 -0.04385166 0.17657205
-0.12084822 0.12700978 0.17936864
0.06239093 0.15615696 0.17236145
0.19944966 0.14479192 0.16934043
0.11923426 -0.02268635 0.16411048
-0.07435881 -0.19787571 0.11112482
-0.16442585 -0.08625758 0.15601771
-0.09373330 -0.27441800 0.17107098
-0.04575601 -0.06997158 -0.07342357
0.26215521 -0.01074367 0.16622716
0.24626054 0.10467413 0.14869533
0.04234413 -0.35792509 0.17529976
-0.02429837 0.15038887 -0.06088895
-0.15890691 0.36804861 0.16443707
0.20937210 0.29619205 0.17499264
0.26579040 -0.21598324 0.17573531
-0.05477219 -0.06071218 0.16554230
0.15642023 -0.15271038 -0.01775494
-0.05875824 0.07804043 -0.00080176
0.22225222 -0.13205114 0.17346369
0.11780129 0.01088881 0.17202827
0.10800271 0.13178486 -0.06004683
-0.06211635 0.03399747 0.17957398
0.25418246 0.15782173 0.16668198
0.16244844 0.19446114 -0.08716021
-0.05269267 0.22097507 0.16971019
-0.10748690 0.27708894 0.17528903
0.17527813 0.23604512 0.17329286
0.06297811 0.10857637 -0.04683098
-0.09342736 0.30129373 0.14061506
0.30228540 -0.18405941 0.16762540
-0.16942492 -0.05297781 0.15676670
-0.20392612 0.27019173 0.17658725
0.02871305 0.26756805 0.16312188
0.16396205 -0.01063126 0.13876793
-0.00452141 -0.01151183 0.03261026
-0.08225256 0.18486574 0.13048781
0.08182911 -0.09654152 0.17876397
-0.22471870 0.04300231 0.17897531
0.04694744 -0.19776624 0.13910116
-0.17817751 0.28089261 0.15938786
0.02382644 -0.29003590 0.17647618
-0.05973487 0.03968067 0.17461529
-0.26947469 0.14392224 0.17503975
0.12180106 -0.06539284 0.17809616
-0.15148966 0.07752577 0.17435066
-0.06399026 0.27951416 0.15009736
0.11984695 -0.09230275 0.16967928
0.14310007 -0.14679621 0.18308951
0.17397352 -0.07420888 0.17852080
0.21529526 0.20371783 0.17304470
-0.02360265 0.26457930 0.17363638
0.29018977 0.09067833 0.17843786
-0.10687544 0.29224309 0.17830881
0.11734889 -0.17693400 0.17193694
-0.22280301 -0.08338148 0.17181998
0.17394561 -0.17722073 0.14138688
-0.17887436 -0.01577278 0.16930948
-0.05999168 0.06398605 -0.05633591
0.24075375 0.22016664 -0.13301051
-0.15684956 0.25395387 0.17404489
-0.19715989 0.17005700 0.17769609
0.08765382 -0.25239420 0.17168072
-0.08640367 0.23244709 0.18328460
-0.13696858 -0.26791754 0.17690794
0.16595811 0.26759166 0.17602374
-0.16427828 0.04616858 0.17872468
-0.11851998 -0.15138346 0.16475686
0.14114574 -0.35562935 0.15977269
-0.13438311 -0.18611860 -0.02095761
-0.21193072 0.16704462 0.17613286
-0.11225460 -0.14656623 -0.05088231
-0.09974165 -0.33377799 0.15729453
-0.17981099 0.10162754 0.16893381
-0.12484598 0.11656722 0.16931865
0.01257782 -0.13532075 0.17072363
0.05007740 0.07209746 0.17414205
0.03476923 0.11890606 0.16500577
0.25292647 0.25536567 0.15984650
0.13586071 0.01788404 0.17134824
-0.06457841 -0.15428466 0.17473385
0.18541133 -0.18646339 0.09491673
0.07768284 -0.12219001 0.16412894
0.07484782 0.20899080 0.15450582
-0.18302469 -0.18526605 -0.05120789
0.22035064 0.18051729 0.17155263
0.00067566 0.02525147 0.16592404
0.05049092 0.24359949 0.16884090
0.13298929 0.13868012 0.12436474
-0.01853849 -0.32849357 0.14694542
0.00833609 0.12644424 0.17416382
-0.06496967 0.28204408 0.17664826
-0.09182250 -0.21841730 0.17880623
0.09600842 0.02590998 0.18040545
0.22891209 -0.16043025 0.13220088
-0.21380100 0.14383979 0.16734827
-0.22930549 -0.02855356 0.18039095
-0.11151107 0.04903708 0.19094081
0.10514931 -0.17240481 -0.08015785
0.11559927 0.19632503 0.18111730
0.07116408 -0.26900095 0.15830709
-0.07815187 -0.32865453 0.15137292
-0.11798222 0.28164488 0.17780080
0.04058229 -0.27640831 0.16677362
-0.08136030 -0.04996566 0.18200174
-0.11268316 0.03560125 0.17652847
0.27810219 -0.03349662 0.17108548
0.01716464 0.22299471 0.14615135
0.10624176 0.15498394 -0.09858295
-0.18774407 0.16447824 0.16961831
-0.17242724 0.19389692 -0.15604635
0.26761273 -0.02999492 0.14793369
-0.07433543 0.28046918 0.18069780
0.04997367 0.10249075 0.16841972
-0.06732328 -0.00669768 0.17502791
-0.15547585 0.06942984 0.17371488
0.20157236 -0.18851671 -0.08635066
-0.16838856 0.26768929 0.16738519
0.24683776 -0.11403458 0.17871156
-0.16612102 -0.14245078 0.17425427
0.00013513 -0.06817330 -0.03272694
0.23505324 -0.10072963 0.17800613
-0.13377570 -0.19739980 0.01838983
-0.09489533 -0.11117395 0.15724675
-0.10401576 -0.02316336 0.17952456
-0.05843487 -0.16037868 0.17622975
0.25781316 -0.09518535 0.15462634
0.18645978 0.18504041 -0.06488131
-0.07656936 -0.23779365 0.17496978
0.19574773 -0.23540901 0.15263484
0.02189064 0.06522654 0.17387655
0.16506130 -0.20832151 0.16275874
-0.30259690 0.13403714 0.17014524
-0.29103023 0.17246410 0.16590387
0.19342877 0.33721203 0.15606403
0.27208120 0.01851455 0.17537208
-0.15182233 -0.23313329 0.16134247
0.16383263 -0.06165643 0.15835774
0.12438776 0.09952768 0.16028187
-0.22807892 -0.27927190 0.16074632
-0.03019028 -0.18375710 0.01642141
-0.00437744 -0.20677961 0.18023480
-0.16353557 -0.20541984 0.15495619
-0.19172034 0.28097764 0.16960205
0.07630196 0.16403843 0.17770241
-0.31092501 -0.12007373 0.16907804
0.15602402 0.14306365 0.17021590
0.18691555 -0.16685566 -0.04660944
-0.15580656 -0.03350751 0.17796277
0.06656966 0.03825619 0.18096194
0.24394396 -0.14896414 0.17607224
0.02800981 0.00254169 0.19447111
-0.03287183 0.22257504 0.14894460
-0.16074239 0.27919054 0.15785162
0.25950035 0.34989694 0.16820604
0.20055676 -0.14332530 0.17416619
0.02264917 0.25175264 0.17736240
0.19556245 -0.32074147 0.17693867
-0.18641576 0.04790900 0.11874626
-0.03490185 -0.21490031 0.16807540
-0.11320831 -0.06764055 0.17849979
0.19410013 -0.05455250 0.17855665
-0.03388034 0.12055474 0.17549793
0.20505881 0.12958774 0.18324831
0.15017657 0.05784551 0.18207541
-0.17808971 -0.21509656 0.12335560
0.09321658 -0.30415761 0.16293985
-0.12529510 0.08946620 -0.03453400
0.07316317 0.01660586 0.15320241
-0.31416968 0.01287512 0.17236097
-0.05138426 0.01051135 0.17456259
-0.28391877 0.15029567 0.16560793
-0.16268015 0.07224870 0.18412070
-0.09162405 0.11447246 -0.07134099
-0.01825443 -0.32112774 0.16069470
-0.17526194 -0.17714217 0.17869674
0.11975418 0.30399758 0.17299895
0.09367384 -0.01067906 0.16692333
-0.16341469 -0.17214452 0.17642045
-0.18243255 0.05629346 0.17546248
-0.11265180 0.18437260 0.02656318
-0.11602750 0.11802877 0.17852117
-0.06869545 -0.14350340 0.16827971
0.18328352 -0.13153446 0.17450458
-0.19064552 -0.29657367 0.16589242
-0.15007491 -0.22973663 0.14339824
0.18006819 -0.15697944 0.17742468
-0.22832735 0.00256648 0.16974749
0.21153334 -0.24417852 0.17488042
-0.05072853 0.17279705 0.17878258
0.24909489 -0.18400387 0.16161755
0.11799626 -0.14613405 -0.05049189
0.04917252 -0.11083660 0.17890003
-0.01428286 -0.25252992 0.17178977
-0.03589235 0.03667717 -0.03846857
-0.06980372 0.20909327 0.17219639
0.15899754 -0.23599720 0.16917881
-0.12827879 0.15322553 0.17826974
0.06439267 -0.15071625 -0.07350801
-0.26773649 0.20576227 0.16469841
-0.25794423 0.22951873 0.16163413
-0.13246191 -0.04063699 0.18176787
-0.06499254 -0.17865531 0.17547506
0.21301776 0.06926607 0.18377903
-0.20836180 0.25091225 0.16523127
0.00787242 0.15949523 0.17865895
0.20894559 -0.17054999 0.17205532
-0.19751647 -0.03320052 0.17427218
0.26512179 0.24489538 0.17895480
-0.18740126 -0.17804684 0.17476931
-0.10131542 -0.33252460 0.15436052
-0.24435499 -0.15211512 0.16222034
0.03176897 0.07423137 0.17906329
-0.16703565 -0.13565499 0.17610940
-0.25432256 0.05668560 0.17186998
0.16136727 0.18630381 0.17147700
0.30019197 0.19974694 0.15241782
0.29864773 -0.23500553 0.17463702
0.06372210 0.00298092 -0.04077514
-0.06823393 0.18512858 -0.10755616
-0.05417449 -0.11835559 0.17862228
-0.14586937 -0.17356212 0.06021211
0.20711263 -0.03631965 0.18097162
-0.12460089 0.17856899 0.09578106
-0.07421616 0.35504472 0.17174797
-0.13815124 -0.15109684 0.10479666
0.13927309 0.19086419 0.17444366
0.14324278 -0.22178176 0.16941716
-0.07376885 -0.06867309 0.12955081
-0.20520745 -0.10987233 0.18479794
0.20947552 0.06317286 0.18113966
-0.13313079 -0.20116241 0.17322071
-0.08457653 0.10955843 0.17986001
-0.17737487 -0.17603573 0.13325273
-0.15635850 -0.02864444 0.17188740
0.24517292 0.10339746 0.16768681
0.05192540 -0.04879790 -0.01280867
-0.18037871 -0.25196722 0.16666122
0.18836796 0.16900396 0.17657439
-0.20845945 0.15334454 0.16027135
-0.16899282 -0.15065700 0.17675634
0.18141049 0.17920372 0.05417500
-0.15507412 0.17136632 -0.07552219
0.14546382 -0.01324202 0.17036000
0.23841211 -0.15273942 0.16993153
0.08977380 -0.00860085 0.17799461
0.23651591 -0.04241963 0.16523427
0.21989210 -0.09829301 0.15045005
0.16272157 0.02838420 0.15653510
-0.10994064 -0.16191308 0.17291938
-0.08084296 -0.02253816 0.17385949
0.09419554 0.04021936 0.17667982
-0.20462793 0.07750332 0.18027571
-0.18850155 -0.17865558 0.17337647
0.18348554 0.08186742 0.17924139
-0.30290785 -0.20147826 0.16207574
0.25231928 0.26369184 0.11955065
-0.01785491 0.30512106 0.16078927
0.20530513 0.27341238 0.16359136
-0.12703799 -0.18211722 -0.12685177
0.09374808 0.01860441 0.16881561
-0.23106015 -0.09379575 0.16534323
0.18270537 0.25744295 0.15231001
0.16217376 0.02209851 0.17617077
0.02787251 -0.06564422 0.15416405
-0.21374550 0.11348461 0.16801608
0.18537676 -0.23240162 0.17324059
-0.16758022 0.20968950 0.14909981
0.04482770 -0.12569878 -0.04733549
0.10073935 -0.27507958 0.17854854
-0.03012780 -0.16888550 -0.05543973
-0.03939434 0.16039488 0.17100352
0.01981054 -0.30515885 0.16970231
0.07422176 -0.09775177 0.16589077
0.20465450 0.24952576 0.17400613
-0.10884093 0.28291506 0.17301737
0.21989556 -0.18095303 0.16694388
0.07615240 0.13385467 0.16748464
-0.17249979 -0.31164625 0.16992564
0.07668611 0.19047950 0.16902594
-0.18399741 0.22477125 0.17043179
0.16866444 -0.11480684 0.17041904
0.13413274 0.27042943 0.17610420
0.08327585 0.04692499 0.17930768
-0.19721818 -0.11969062 0.17975064
-0.17637381 -0.23349658 0.08185115
-0.29157534 0.01334456 0.15392406
-0.00138278 0.13214958 0.17931801
0.21729225 0.14970222 0.16528600
-0.15436850 0.31255066 0.17181751
-0.25457206 -0.10459778 0.17688297
0.11461699 0.21915971 0.16812862
0.22550407 0.20683376 0.17191090
-0.13282019 0.27227512 0.17502187
0.20461673 -0.22373913 0.14657623
-0.17417395 -0.15336919 0.17754899
-0.17506590 -0.10701786 0.15247749
0.18744525 0.15884599 0.11784871
-0.04464786 -0.00685243 0.17014115
0.05603151 0.05360654 0.17219763
-0.01536096 0.11970467 -0.02738115
0.12233535 -0.20060252 0.17730877
-0.15080844 -0.20997274 0.12396891
0.14963312 -0.31209990 0.17285162
-0.07224941 -0.12823948 0.07262647
0.24920666 0.27370650 0.14434826
-0.03413934 -0.04526095 0.17466529
0.17333739 -0.19996971 0.16926023
-0.13674107 0.35359472 0.16272058
0.16057532 0.25204074 0.16582943
0.24234506 -0.25570819 0.16001824
0.05597477 0.25625598 0.18100886
0.21055405 0.21076199 -0.07247687
-0.14207822 0.19149885 0.07456259
-0.09488466 0.10169022 0.16747984
-0.16495660 -0.14597753 0.17316394
0.20086640 0.17294836 0.04924538
0.21668506 0.32475537 0.17086045
0.13957413 -0.17596960 0.05014271
-0.20218785 0.27301547 0.14488983
-0.19830972 -0.21174625 -0.16256692
-0.16756713 0.31959981 0.17215121
0.15489537 -0.01532301 0.17557387
0.02120779 0.34031361 0.18074927
0.05261007 -0.13846509 0.17900312
0.23540163 -0.05756414 0.16012797
0.20001245 -0.17480220 -0.15998171
0.19247884 -0.16753992 -0.13337290
-0.04417366 -0.27390310 0.16271131
0.14504804 -0.20698740 0.17557718
-0.05427280 -0.05575756 0.16400157
-0.22905682 0.09845645 0.17027400
0.12830627 0.00428995 0.18012784
-0.16189729 -0.25170431 0.12007280
-0.16654593 -0.22261381 0.17585020
0.22491702 -0.01546989 0.17727649
0.14963250 -0.15070766 0.06904493
0.10240135 0.30137128 0.16316570
0.05712546 0.20380026 0.17602949
0.21581438 0.27362305 0.15789929
-0.05490625 0.33169740 0.17474781
-0.02996361 0.14586699 0.16448481
-0.11754045 -0.31670284 0.16844337
0.05057247 -0.20104010 0.17973173
0.04293747 0.05789568 0.17497802
0.19932953 0.24292269 0.14984594
-0.15525791 -0.15547463 0.17426689
-0.30617818 -0.17514266 0.13868511
-0.11392082 -0.06419913 0.16789581
-0.29078835 0.03694629 0.18067594
0.03316427 -0.07677840 -0.02637337
0.04289150 -0.02339542 0.17946947
-0.17710531 0.02888455 0.17715624
0.28376135 0.24309184 0.16843194
-0.21243876 -0.08988624 0.17604204
0.15366966 0.19849648 -0.09817227
-0.11686105 -0.26324555 0.15593643
0.15144756 0.28972620 0.17433387
0.09011687 0.02462530 0.17306516
0.16285251 0.08902565 0.17569582
-0.01575236 0.01022160 0.17088278
-0.14038637 -0.04747958 0.16771993
-0.11605006 0.02326073 0.17468588
0.20018898 -0.11785875 0.13046543
-0.13045006 -0.15524141 0.16789371
-0.16655818 -0.16911933 0.09686941
-0.05923598 0.06385050 0.16936627
-0.13293797 0.01130216 0.19080614
0.20346144 0.26062104 0.15298578
-0.22721045 -0.15690486 0.17233990
0.20367445 0.25248677 0.17882860
-0.27203000 0.05224612 0.15069160
0.04645867 0.30498552 0.16834776
0.06374458 -0.21813849 0.16779299
0.20235932 -0.13519470 0.18095525
0.06786011 0.05312452 0.17258970
0.06052878 -0.26423234 0.17705384
-0.17856988 -0.20135736 0.00817338
0.14853795 0.31442988 0.17966810
-0.19699752 -0.17960362 0.18063530
0.28630331 -0.21172146 0.16757518
-0.02664375 0.31973657 0.17330724
-0.12264115 0.13241372 0.17914611
-0.16992116 0.04722086 0.17709585
-0.09724706 -0.18678483 -0.05215278
-0.06684272 0.20948754 0.17188935
0.16404583 0.20369610 0.06218227
0.12170877 -0.12152717 0.17100926
0.12943777 -0.01044393 0.17805439
-0.11257830 0.18048686 0.17705868
-0.12300852 0.07473732 0.17432332
-0.02023567 -0.14173147 0.17527343
-0.16052747 0.15512846 0.02832674
-0.21403676 0.24868208 0.14308904
-0.14866510 0.14120108 0.11596002
-0.11888322 0.13574490 0.16774552
-0.08696391 -0.21192934 0.17931861
0.32120264 0.01768649 0.16617328
0.07695831 0.24575122 0.15896392
0.02284649 -0.20092911 0.17055753
-0.16081554 -0.21357369 -0.16360757
0.17797124 -0.05339942 0.16353743
-0.07620865 0.29408950 0.15110713
-0.16729631 0.21793155 0.17418727
-0.05964805 -0.32736537 0.18059450
0.19992518 0.06084695 0.17616245
0.19119519 0.10755020 0.17249691
-0.17279793 -0.24038239 0.17745382
0.08821739 0.05723687 0.17646205
0.22794628 0.16605592 0.17131315
0.13891523 -0.02454865 0.17254917
0.15732318 -0.35097834 0.16328388
-0.20487484 0.07565112 0.16871805
-0.17630276 -0.25486621 0.17989704
-0.28305581 -0.06444083 0.17246370
0.24642752 0.09606947 0.17730384
-0.00138210 -0.08600793 0.17152844
-0.15234326 0.02006610 0.11668150
-0.11737240 0.22444764 0.17653452
-0.15525688 -0.19986592 -0.02839381
0.13005191 -0.08555643 0.10001299
0.01201317 -0.19244042 0.16212659
-0.19997929 0.16350257 0.17483650
-0.01382371 -0.21717274 0.15277010
0.02492338 0.05121323 0.06654596
-0.10332879 0.06741893 0.17869119
0.18386061 0.07032377 0.11652068
0.20301749 -0.25458479 0.17121167
0.15767127 -0.02286564 0.16855124
0.08860646 -0.13754879 0.16825096
0.05830364 -0.02607301 0.16737361
0.23371883 0.25727075 0.17667691
0.24407762 -0.01965708 0.16806321
0.21442744 -0.12143579 0.18039280
-0.18088433 -0.10262148 0.13499850
-0.10333054 -0.08372936 0.15788266
-0.05193728 0.32535115 0.16696484
-0.19171734 0.00048453 0.17426148
0.03958188 0.11948330 0.11951885
0.03256452 -0.16672711 0.16189799
0.06097092 0.20353322 0.18085523
0.16589740 -0.08517362 0.16228567
0.17975911 0.19275220 0.16914596
-0.10736027 0.30684924 0.16596830
0.23039395 0.12420376 0.18037225
0.22554170 0.05962371 0.17056625
-0.08682641 0.19329423 0.16499446
0.03704082 0.02011924 0.17582059
-0.09160798 -0.15378465 0.17991450
0.09773716 -0.30693981 0.14348853
0.01277830 0.36135113 0.15900834
0.11045219 -0.04088235 -0.06900993
-0.13794470 0.13165189 0.17743300
0.11257297 -0.14878491 0.17679967
0.23223901 -0.23326182 -0.16007714
0.07074320 -0.29358873 0.15832238
-0.14874682 -0.30186868 0.16586891
0.13890603 0.20463774 0.17098616
-0.14818573 0.26595753 0.17638159
0.06379274 -0.08308081 0.17800005
0.05485160 0.04162498 0.17822938
-0.05267791 -0.12790874 0.17683998
0.02440482 0.31348437 0.17037457
0.05637371 -0.14476070 0.15752448
-0.22388501 0.21148662 0.15253378
-0.16352327 -0.24585000 0.15698364
0.07595710 -0.24888094 0.17647807
0.20831013 0.01799749 0.17209597
0.17968430 -0.17897262 -0.14291158
-0.10972745 0.22101295 0.17595416
0.19822948 0.12824686 0.17662103
-0.21967591 0.19854432 0.13614021
-0.25047851 -0.09572896 0.16708723
0.08809891 -0.16733247 -0.06323011
-0.26611963 0.18147281 0.18034646
-0.14666766 -0.28661129 0.13874334
0.11982992 0.21148849 0.16514194
-0.00637408 -0.19894163 0.14490072
0.21428084 0.16532889 0.17139001
0.24656886 -0.09064118 0.15434352
-0.30904168 0.10341832 0.14607719
0.10762760 0.14419785 0.06771690
0.05548080 -0.25787887 0.14779049
-0.16860969 0.13541764 -0.06416232
-0.16831291 -0.04818192 0.17035301
0.01715541 -0.01883104 0.17637274
0.13459943 -0.32028908 0.16458161
0.12100480 -0.08039378 -0.06770385
0.28529221 0.08052938 0.15542561
-0.14234689 -0.09977296 0.17351209
0.14148730 0.30233687 0.18606748
0.04160748 0.28264603 0.17489856
-0.05120794 -0.19795156 0.14517452
-0.16551882 -0.19028486 0.17452823
0.06760003 0.29130024 0.17284995
0.18464747 0.19915406 0.08786627
0.00908337 0.19468601 0.15452312
-0.17551589 -0.11456469 0.11983466
-0.04370546 -0.00816081 0.17032947
-0.08443227 -0.05831623 0.17988734
0.04211046 -0.17801031 0.17602696
0.25025693 -0.22090802 0.14820309
0.27290803 0.04611631 0.15717311
-0.12204268 0.15352352 0.05917722
0.02791969 -0.10199062 0.17023969
-0.02766615 -0.26002049 0.17795140
0.07667507 0.27843383 0.17249006
0.25519478 0.14724666 0.17330445
-0.09271897 0.19090988 0.17791149
0.15804031 0.06257653 0.17853770
0.19116339 0.03047064 0.16250330
-0.07528956 -0.03075444 0.14760181
-0.19233786 0.00263212 0.16289765
-0.01609408 0.30406430 0.17579545
-0.02282258 0.07860608 0.17238083
-0.00759707 0.34116048 0.15290973
0.21428506 0.18216473 0.17208792
-0.07988459 -0.20201030 0.17417766
-0.14914429 0.01641001 0.18121386
0.13962901 -0.35901120 0.17185886
-0.12647730 -0.17194921 0.16763309
0.02518013 0.23925894 0.17681071
-0.11676064 -0.29569426 0.16308230
0.14512497 -0.32979429 0.17543925
-0.10200004 -0.18351662 0.18158603
0.18279684 0.20625527 0.17809318
0.16387212 0.01032870 0.14518407
0.11877446 -0.14082009 0.17468058
-0.14378893 -0.14561892 0.18098934
0.18628778 0.18566164 0.12793489
0.16634177 0.17269260 -0.07691801
-0.26852566 0.07589393 0.17858912
0.23424360 0.03092060 0.16495529
0.05179688 0.23594517 0.14234678
-0.18812951 -0.23005541 0.17460121
-0.19024968 -0.20280446 0.04715903
-0.21922161 -0.26817510 0.17358485
0.17740412 0.04592304 0.17622037
0.24528578 0.08080380 0.14755684
0.28654966 0.13821959 0.15865484
0.04066796 0.01870613 0.17757751
-0.18551485 -0.01350942 0.17042156
0.05492256 0.24647656 0.18900645
0.03707971 -0.25100109 0.17054304
0.19587451 -0.20295665 0.10347107
-0.05274805 0.24311200 0.18863809
0.01079287 -0.06455235 0.17866378
-0.12940426 0.16502964 0.16576922
-0.24074012 0.13222270 0.17684911
-0.07217088 0.01239371 0.14858299
-0.23862350 -0.08840527 0.17929354
-0.02632286 -0.21467447 0.17305957
-0.09290174 -0.19089845 -0.02723236
0.24181676 -0.18228374 0.17121452
-0.02294512 -0.08132409 0.16842185
-0.01626051 -0.12862989 0.17226070
0.17848921 0.26425394 0.16983911
-0.25233424 0.35063830 0.16235359
-0.23984572 -0.04134988 0.16753387
-0.03000233 0.22306064 0.16842033
-0.05934414 0.26473084 0.18229398
-0.01857252 -0.35162279 0.17576824
0.14872190 0.09604539 0.17899996
-0.20838417 0.26871753 0.17694944
0.17935079 -0.24345657 0.17016926
-0.31394345 -0.14547226 0.16528396
0.24823229 0.20536223 0.15053669
0.27489325 -0.10780457 0.17007379
-0.17620571 -0.19837627 0.15323743
-0.20314322 0.18088020 0.17668752
0.26427796 0.20372787 0.16638272
0.18960869 0.12323479 0.17280787
0.11364730 0.16732872 0.17047632
-0.05188482 -0.15794465 0.17813998
0.12460116 -0.18809611 0.16837801
0.10559678 0.03554217 0.16135433
0.15989842 0.24629305 0.16554013
0.32167351 -0.01963544 0.16439961
-0.20850280 -0.23551670 0.17492038
-0.10232075 -0.02838513 0.17631957
0.11915370 -0.08871068 0.17329672
0.04807466 -0.07365776 0.17390518
-0.17310666 0.13376662 0.17738296
-0.12425033 -0.32824668 0.16418158
-0.18018295 0.30453008 0.18171591
0.19808085 -0.10728034 0.16837202
-0.16365165 0.19069074 0.17684904
-0.11723319 -0.15446806 0.17228948
-0.10646071 0.18910605 -0.01743778
0.30321938 0.08438468 0.16202906
-0.10091419 -0.33411768 0.17645693
0.10115474 0.08398941 0.15669937
0.15976094 0.15360065 0.17882682
0.12876782 -0.17468625 0.17026494
0.05455210 0.27766973 0.17462604
0.21973470 -0.26341286 0.15605275
-0.25413406 0.20396468 0.18702528
-0.23724478 -0.12152991 0.15196063
0.09058198 0.11105774 -0.00336561
-0.16236207 0.04141075 0.17777824
-0.03076474 -0.26801497 0.17881507
0.27908719 0.09131773 0.16253665
0.03144983 0.27774519 0.16020387
0.08453994 -0.06853713 -0.04288708
0.09433015 0.24389459 0.17395280
0.17222206 -0.08784966 0.16998602
0.09681047 0.16790950 -0.00514138
0.02782789 0.10843002 -0.07643379
-0.27365938 -0.28544471 0.18324539
-0.15085497 0.24497271 0.18096660
-0.11127372 0.04096516 0.17104346
-0.14044322 0.18900762 0.17468330
0.18945299 0.22321057 -0.13867854
0.27609727 0.15129322 0.14977379
-0.04631888 0.17943071 0.17544971
-0.13530853 0.26534462 0.17081863
-0.02840633 -0.23010953 0.17575817
-0.12271473 0.00924666 0.17585489
0.27697051 -0.15906306 0.16796519
0.10534661 -0.30993971 0.15137570
-0.10492781 -0.24997276 0.17334060
0.08124179 -0.32734954 0.14371103
0.20755643 -0.16230601 0.05637039
-0.21919984 0.21927640 -0.15082948
-0.11723571 0.07511859 0.16139503
0.26937371 0.16332707 0.16287723
-0.20504159 -0.00444298 0.16888088
-0.13393350 -0.35004023 0.13153099
-0.26276031 -0.12395447 0.18013009
0.20408569 -0.19418319 0.12947898
0.01924921 -0.11935341 0.17587568
-0.14236891 -0.09216340 0.17180270
0.04475460 -0.30836105 0.15943500
0.15147911 -0.00455348 0.17253970
-0.28989494 -0.19802058 0.15557700
-0.13272135 0.09884257 0.15304108
-0.18346234 0.22184889 0.17533174
-0.16158174 0.05834059 0.17930824
-0.07582467 0.23589388 0.17157143
-0.13969697 0.13989739 0.16926953
-0.01161627 -0.33989984 0.17464726
0.06314547 -0.09002822 0.01843208
0.30538666 -0.13540576 0.15725975
0.06490563 0.24170443 0.15573123
0.09447228 0.22641382 0.14513502
-0.20003453 0.16244330 0.14559908
0.11739571 0.00512731 0.17388347
0.08765292 0.15843944 0.17504080
0.09896310 -0.03317661 0.17878273
-0.12330758 -0.15066077 -0.02071225
-0.05937052 -0.14973757 0.17007695
-0.10636707 -0.23517327 0.16570112
-0.22498059 -0.24813174 0.15574223
-0.18936515 0.12482318 0.16016531
-0.24318083 -0.12749800 0.16051051
-0.00238828 0.06118540 0.18035533
0.22486539 -0.03611196 0.17754465
-0.20292725 0.13919061 0.17516343
0.17656720 0.18004602 -0.06056583
-0.23429441 0.05375433 0.15114990
0.02166207 -0.23385867 0.11505008
0.28356043 0.05969711 0.17544422
-0.14333306 0.07770262 0.17240959
0.07562958 0.11045486 0.15069734
0.12008426 -0.19207394 0.10534235
-0.16857453 0.15331610 0.07057633
-0.13226663 0.25208342 0.18032241
0.07582276 -0.17534199 0.17582324
0.03816569 -0.07399073 0.18313131
0.23095450 0.15354812 0.16218275
0.09167061 0.14091375 0.11013539
0.04037634 0.07527462 -0.03512784
0.06052017 0.14319366 0.13389702
0.08815920 -0.10607345 0.16279936
0.24176873 0.24296209 0.16565174
-0.09999952 0.15594053 -0.06729688
0.20042259 0.22612154 0.17995036
-0.05566706 -0.00542903 0.18051475
-0.29720807 0.01452044 0.17309313
-0.04118969 0.22623564 0.17795394
-0.27478480 -0.20556098 0.17473929
-0.00812375 0.06110482 0.18256278
0.13297240 0.36161095 0.14711471
0.15940341 0.20805012 -0.03894908
0.07077222 0.26499766 0.17125607
-0.12819462 0.00678360 0.16004199
0.24699880 0.27885514 0.15620507
-0.13017601 0.32430035 0.17246725
0.15280968 -0.16335511 -0.04349339
0.10474412 0.18827903 0.17572284
0.13189396 -0.16780958 0.17651142
0.02401101 -0.13801594 0.17432071
-0.20754221 -0.09307947 0.17365934
0.06204631 -0.05339389 0.17646724
-0.14886828 0.11440479 0.17702666
-0.03554990 -0.05855404 0.17525120
0.13720295 -0.22325990 0.17559534
-0.09127980 0.29834220 0.17372312
-0.18403655 -0.18757337 0.17125291
-0.13628981 -0.01970079 0.17835289
-0.15943125 0.03164849 0.17561847
0.22109516 -0.23403181 0.18037951
-0.19038060 0.09881936 0.17804864
-0.29059318 0.18405266 0.17289291
-0.22613451 0.20836280 0.13584317
-0.24192472 0.18961041 0.17165112
0.06799555 -0.29996118 0.17206450
0.19492683 -0.10306244 0.16907902
-0.03544740 0.06154257 0.17503583
0.19780892 0.09793332 0.16130851
-0.21523476 -0.01220323 0.17489444
-0.12181449 0.20492783 0.16949844
-0.07922751 0.32868868 0.17170165
-0.23695950 0.25558758 0.16419794
0.28669730 0.01645435 0.15288764
0.18680556 -0.27367231 0.13635252
-0.05727974 0.16428643 0.17666642
0.10704114 -0.08189385 0.17658733
0.11720664 -0.33424881 0.17307042
0.13732651 0.28623182 0.17862438
-0.05644365 -0.09266626 0.17785093
0.06281896 0.20391145 0.07943415
0.08704276 0.14251365 0.17723921
-0.09910977 0.16186455 0.17042062
0.27584139 0.05369208 0.16280703
0.17784511 -0.15755323 -0.05284645
-0.06648152 -0.10746463 0.16348453
-0.18191426 0.18965884 0.11886235
-0.04220269 -0.30126566 0.17590049
0.21355410 -0.22236344 0.16847335
-0.03741211 0.07282791 -0.02401231
0.27740413 -0.04204771 0.17724454
-0.16682737 -0.20203890 0.07665540
0.02093308 0.10640159 0.17131725
-0.16936848 -0.14600202 0.17009264
-0.04061716 0.07549512 0.16533630
-0.21368533 0.19243716 -0.11176057
0.04654010 0.32785356 0.17231746
-0.04331982 -0.25959298 0.18186431
-0.21164715 0.18334050 0.13647790
0.28946334 0.16069201 0.18351223
-0.09539341 0.09891259 0.18098330
-0.18340418 0.20391195 0.04805307
0.05491190 0.16269436 0.17745072
0.16430792 -0.15361123 0.17875472
-0.19556291 0.19793577 0.18031795
0.04609274 -0.27388242 0.16616553
0.19450313 0.18874334 -0.11204217
-0.00238308 0.26984805 0.15251657
-0.26067549 -0.08250170 0.14155330
0.17437555 -0.02924418 0.17328855
0.09764880 0.33504680 0.18151970
0.18077900 0.18350588 0.12560974
-0.18387802 0.20936371 0.12203801
0.04401571 -0.15249452 -0.05854665
0.21813285 -0.08220265 0.16652659
-0.21933471 -0.01040610 0.14669320
0.20565297 -0.20983514 0.05264691
-0.11415112 0.04448348 0.17689064
0.23821209 -0.21344624 0.17870940
-0.16723183 -0.16273943 0.18030022
0.23131731 0.02054819 0.18662298
0.28414920 0.05244625 0.17687063
0.13951814 0.18283051 0.17910008
-0.22670662 0.01716258 0.14582700
-0.00873429 0.08270770 0.18063402
0.18332833 -0.04947405 0.16894214
0.12815058 0.06406339 0.16776808
-0.21846183 0.05484168 0.17695634
-0.08145665 -0.11642086 0.17713940
0.15702064 -0.28287798 0.17541508
0.06258231 0.32641780 0.14946714
0.14161488 0.31202424 0.16474034
0.15597126 0.12699670 -0.07763418
-0.11894894 -0.18221211 0.06923135
0.14413482 0.18156019 0.09103061
0.21227437 0.15435687 0.17224386
-0.16525234 -0.26968250 0.17154230
-0.22142686 0.21348706 0.15654606
-0.00121020 0.12046050 0.17002216
-0.22947092 -0.22251365 -0.12566869
0.16394466 -0.01711107 0.17785721
0.20822765 -0.10639755 0.15918134
-0.23860790 -0.30888793 0.17595693
0.04605649 0.35873836 0.16408756
0.21788047 0.24908897 0.13093516
-0.21590833 0.23170868 0.17973252
0.14845723 0.11322497 0.17205641
-0.04015268 -0.05793564 0.17894103
-0.09231984 -0.01958515 0.17575757
0.02466467 0.10702488 0.05422936
0.00951501 0.03988186 -0.05589168
0.19815943 0.19965532 0.06442694
0.25604904 0.08221896 0.16432464
0.09962033 0.21350712 0.17206270
-0.16657935 -0.20289111 0.08118097
0.15491049 0.09255788 0.16426449
0.21969013 -0.14873025 0.16622145
-0.01623692 -0.35673103 0.15607870
0.03920038 0.29766548 0.16951106
-0.01012674 0.07477061 0.16145542
-0.01321075 -0.02473211 0.17695762
0.01082732 0.28582332 0.16603401
0.21845834 0.05934088 0.16857299
-0.22958818 0.27135071 0.17654474
-0.14699140 0.17816448 -0.06414635
-0.06013144 -0.13951975 0.17395134
-0.23594117 0.04759702 0.16082814
0.03602369 0.24133447 0.16305807
-0.11336190 0.23441359 -0.13679549
0.12140983 0.08476032 -0.06128784
0.11042164 -0.23966748 0.16983758
-0.17020901 -0.13396615 0.17372610
0.07239830 0.08862018 0.17368080
0.10403995 -0.20069127 0.16480947
0.10984964 -0.02464662 0.16627471
-0.20587818 0.19474040 0.18089651
0.11044405 -0.07299608 0.17525133
0.26087514 0.14862293 0.15701132
0.04269477 0.21786734 0.17694581
-0.23436478 -0.20098561 0.15493727
-0.18599214 0.13329801 0.17954087
0.18136090 -0.30170852 0.14778268
0.19482665 0.17962150 0.15077691
-0.12322873 -0.07200526 0.17846659
0.01188895 -0.07508425 -0.03732154
0.16943787 0.14803760 0.17199820
-0.29741216 0.18296127 0.16163585
0.15843207 -0.13356403 0.17140110
-0.32720119 0.05839274 0.16664191
-0.18671808 0.32750148 0.17379351
0.13958688 0.19678771 0.16047183
-0.05409029 -0.04393318 0.17001674
-0.17103812 -0.04446635 0.17864178
-0.01481449 -0.05639043 -0.05476040
0.06054955 -0.03880640 0.17517994
0.17912076 0.17160106 0.16793898
0.06595973 -0.27921036 0.17816924
-0.27945092 -0.05605814 0.16183814
0.07870980 -0.08173040 0.17178635
0.19190238 0.14556143 0.12651177
-0.02080180 -0.13999520 0.17574890
0.02379575 -0.28059074 0.17542827
-0.04727006 0.24469432 0.13128760
0.16288395 0.18711831 -0.14287029
-0.20230311 -0.15336786 0.17657338
-0.19308695 0.09044011 0.15210384
0.13179167 -0.32813928 0.14420477
0.18650615 -0.14684805 0.17090291
-0.19977091 -0.10675739 0.16694100
0.10986666 -0.11054273 0.18105204
0.19527632 -0.28027114 0.17923552
-0.08996686 -0.11946367 0.17164078
-0.07041764 -0.18688500 0.18225496
-0.02174731 0.07650557 0.17288996
-0.01237231 0.00468160 0.17472878
0.09777035 -0.00059557 0.11547066
-0.20836613 -0.22950426 0.14619312
0.27146813 0.13531345 0.17162190
0.17546718 -0.09457722 0.16187589
0.12773785 -0.18036284 0.12807503
0.09632066 -0.03431854 0.17535286
-0.12539932 -0.02371429 0.17345795
-0.26408970 -0.12464509 0.19123621
-0.10306970 -0.13104621 0.16467138
0.09663367 0.26188654 0.17836136
0.10872769 0.07722322 0.16733228
-0.20328674 -0.14193764 0.16998352
-0.18578035 -0.03581510 0.17130819
-0.28973776 0.31276372 0.15149583
0.16743016 0.07178946 0.16874947
-0.14494026 -0.22537410 0.17609777
-0.03560760 0.29151985 0.17340644
0.16434000 -0.24976990 0.18210888
-0.11573381 -0.04075497 0.17979793
-0.01034035 0.15301721 0.17185771
-0.14083372 0.06487232 0.17491724
-0.18875588 -0.21992296 0.13332982
-0.08750288 -0.11179224 0.17917302
0.24254791 0.19028056 0.15246470
0.15187238 -0.03303474 0.15888621
-0.12187892 -0.12489363 0.16674942
-0.14497726 0.14071146 -0.06038882
-0.07193234 -0.10968803 0.17258543
0.01852837 0.18725905 0.16721541
0.02257176 0.27522913 0.17384908
-0.03072079 -0.25834271 0.17869537
0.02938498 0.08384933 0.14860752
-0.27602434 0.11709400 0.16894749
0.20150389 0.10299926 0.17444572
-0.03238956 -0.01360371 0.16896091
-0.21313386 -0.23681520 0.14408100
0.09652740 0.17565052 -0.07522704
0.10906410 0.35145265 0.17056498
0.18973851 -0.16128102 0.16598484
-0.15897539 0.00161210 0.16665123
0.14227250 0.18861285 0.15643890
-0.22008893 0.09467883 0.16263336
0.10435714 -0.13583696 0.17081884
-0.24269858 0.19359282 0.17321053
-0.10837986 -0.18579508 0.17859580
0.08746153 0.26449934 0.16577934
-0.12314820 0.08475730 0.17043597
0.20897721 -0.14158566 0.17367397
-0.16719851 -0.17382449 -0.07799570
0.07273536 -0.06374635 0.17207193
0.22631405 0.18716298 0.15939783
-0.03404240 -0.19630323 0.17799355
-0.00792920 -0.16826749 -0.03872032
0.23447257 0.07271360 0.17278752
-0.02899284 -0.12128396 0.17114122
-0.11318025 -0.16072500 0.13950936
-0.16374904 0.19757977 0.09533635
0.08344055 -0.28847426 0.13181426
0.15528043 0.28188187 0.14506263
0.16106135 0.15654953 0.14926304
-0.00231073 -0.02754694 0.17415416
0.07992876 0.06015306 0.17169167
0.01615769 0.05734754 -0.08157988
-0.06507687 -0.03126893 0.17281562
-0.02025815 -0.02605023 0.15794668
-0.03432613 -0.22360812 0.14234494
0.16742174 0.23255752 0.17704576
-0.11031297 0.18642579 0.11984629
0.19661058 0.06870800 0.16358846
0.15916710 0.18678010 -0.00207999
-0.04860131 0.00270084 0.19643198
0.23258804 0.24637930 0.13945532
-0.14827485 0.05257758 0.18005784
0.07920925 0.10852464 0.17117098
-0.23134078 0.15835014 0.18283619
0.14676866 0.10494017 0.16902523
0.01836884 0.36639065 0.16314854
-0.15612811 0.02017441 0.17413448
0.21067342 0.19139926 -0.17505242
0.26654258 -0.01537294 0.17127682
-0.00036056 0.07149340 0.16133243
-0.11678061 -0.04247060 0.17593765
0.06792025 -0.15339690 0.17796661
0.21405280 0.16843867 0.17381312
-0.14034446 0.20405297 0.18102951
0.13272278 -0.22583410 0.17878868
0.21057163 -0.00122074 0.17150402
0.20816681 -0.32390022 0.17351809
0.16463014 -0.12221076 0.15224084
-0.26671517 0.15345359 0.14715260
-0.02696060 0.30955327 0.17379694
0.10516738 -0.21777378 -0.05321785
0.04091298 -0.17182481 0.17578839
0.01963861 -0.35887080 0.16852438
0.16177008 -0.15831712 0.11215762
-0.17171854 -0.19715413 -0.06942610
0.19792825 -0.18491754 0.17487766
0.20177630 0.25520158 -0.16343750
0.15642010 -0.17507540 -0.07979020
-0.21674618 0.19361089 0.11490061
-0.05586775 -0.33215889 0.17149486
0.27817625 -0.02887803 0.17234848
0.27038461 0.12256758 0.18047091
0.05495156 0.12666476 0.03155600
0.02004114 -0.09130101 0.17668441
-0.15866810 -0.12442791 0.17396674
0.29747438 -0.11388029 0.16589682
0.13637879 0.26143482 0.18527950
-0.08138952 -0.20834427 0.17320508
-0.03781553 -0.33536434 0.18679234
0.20059885 -0.01662300 0.12809226
0.12290686 -0.09938750 0.17190051
-0.06308972 0.13684738 0.17499636
-0.21026130 -0.29002088 0.18246575
0.24065912 -0.27735063 0.15499215
-0.23225370 -0.16787717 0.17733519
-0.03959800 0.08871525 -0.06617893
-0.12395627 0.21110460 0.18392745
-0.09126013 -0.11131156 -0.00299788
-0.09770805 -0.17393397 -0.06832284
0.04838696 0.12087528 0.15509424
-0.25773886 0.00671321 0.17089878
0.15199958 -0.01815712 0.15528420
-0.15151353 0.19503716 0.15997881
-0.06497111 -0.20207022 0.16751680
0.09615784 0.14014429 0.15882446
0.21543042 0.10316599 0.18619312
-0.28106552 -0.10872363 0.16904753
0.14118968 0.10306264 0.15012942
0.08069700 -0.28668481 0.18183102
0.07987779 -0.14321747 0.16232160
-0.07124394 0.12895185 0.17127207
-0.03820781 0.06670020 0.16518003
-0.23136006 -0.20923083 0.17675781
-0.16902231 0.17015865 0.14078848
0.06586185 0.07400065 0.17101915
-0.12143213 -0.01005941 0.17087908
-0.28741917 -0.03151487 0.14064133
-0.24755186 -0.03708627 0.16474108
0.23138709 0.31175101 0.14933003
0.00126687 -0.17635718 0.16977385
0.17853844 0.25327393 0.17582722
0.15555948 0.20248027 0.17915449
0.03513683 -0.07134695 0.13972603
-0.19130723 0.19126904 -0.05243956
-0.05252420 -0.11761141 -0.05563054
-0.15185143 0.15988806 0.17069086
-0.11623740 0.24121268 0.17639521
0.19648024 0.00051419 0.17698950
0.28528041 -0.17990363 0.15463148
0.24069950 0.09592091 0.16935125
-0.12691984 0.05292384 0.17814565
-0.20727919 0.28564456 0.17418377
-0.15347421 -0.17960137 0.17403953
0.24429375 -0.02329193 0.17070152
-0.18123531 0.19885765 0.17054033
0.25057334 0.00932617 0.14768349
0.13306752 0.01919230 0.16121194
-0.24847269 0.02816868 0.15497600
-0.21349086 -0.01968420 0.18118297
0.22155765 -0.21842939 0.10705057
-0.17505699 -0.22402559 0.16624141
-0.16871282 0.22014020 0.17413104
0.19708237 0.06381295 0.17408745
-0.20475820 -0.26098752 0.17387991
-0.14818448 0.31867802 0.17786109
-0.14510706 0.20407003 0.18385448
-0.15200296 -0.12976363 0.17787205
-0.29273561 0.24477881 0.16123156
0.10592611 0.13936464 0.17064311
0.11251426 -0.06409581 -0.03832598
-0.01755387 0.00714239 0.17539670
0.17172959 -0.20438838 0.18340479
0.19620112 0.14274655 0.16429718
-0.23262170 0.10802354 0.16394503
0.24612658 0.02473000 0.17126442
0.20266028 0.19380072 0.17182022
0.01942983 0.35659111 0.17455763
-0.21407861 0.09261049 0.17095354
0.24428612 -0.07368530 0.14859638
-0.20153880 -0.26617756 0.17699641
-0.30133989 -0.12266009 0.15429460
-0.21362987 0.28130955 0.17562822
0.06611335 -0.30865234 0.16149385
0.01744572 0.28073150 0.17857607
-0.23924059 -0.24330027 0.13072559
0.00082162 -0.01084153 0.17063411
-0.27097511 -0.19610649 0.17133814
-0.21854992 0.18144712 -0.11762725
-0.12432054 -0.01915410 0.15411779
-0.00713715 -0.17589602 0.16908327
-0.15993926 0.17205401 -0.09599234
-0.14533311 0.14110416 0.15249260
0.12077937 0.05676147 0.17061381
0.16392246 0.18821621 0.03634427
0.21328169 0.18178290 0.16788535
0.10273501 0.06306566 0.18305662
-0.27356082 -0.00982616 0.17080379
0.14054769 0.17285979 0.09660186
0.10387285 0.08651315 0.16793814
-0.09834554 0.09958705 0.17495169
-0.11342140 0.30459520 0.16302794
-0.12163430 0.00299309 0.17272003
-0.15634345 -0.15524349 0.17425080
-0.14604956 -0.15822354 -0.07876496
-0.09264044 -0.15802196 -0.07983195
0.09396946 0.06730127 0.16501100
-0.22629629 -0.20099348 0.17167233
-0.13502041 0.33638588 0.16525419
-0.07966304 0.12109423 -0.06968126
0.15204710 0.28981861 0.15648648
0.12818457 -0.05470011 0.17456140
0.08716288 0.22415572 0.17405851
-0.02244160 0.07341386 0.16088887
0.17055801 -0.18075517 -0.07048520
0.15987852 -0.21823125 0.01997598
0.26680461 0.17799552 0.15924735
-0.09340236 -0.08722622 0.11723746
-0.15955606 -0.18021642 -0.04769183
0.14546555 -0.20333925 -0.06806276
0.03736172 -0.31965023 0.14562152
0.01676202 0.07806060 0.15411238
-0.22149412 -0.15703955 0.17709607
-0.06894065 -0.17631005 0.17302825
-0.00887135 0.34588283 0.17904168
-0.15948544 0.06357940 0.17154488
0.20469394 0.09375104 0.14244941
-0.18179816 -0.18556303 0.11637117
-0.29169765 0.10718769 0.17766641
0.15874404 -0.04585593 0.14779939
0.15979038 -0.15163910 0.17298827
0.24209337 -0.12157420 0.14659260
-0.05751614 -0.05063935 0.17421064
-0.23843330 0.00952336 0.17552115
0.08904121 0.27628535 0.17029639
0.22238930 -0.24401030 0.17391019
-0.09752978 -0.34474254 0.17767213
0.02702091 0.01647428 0.16563186
-0.02330235 -0.25923640 0.17076759
0.28688642 0.21827120 0.16261722
-0.23308411 0.11368326 0.16836001
0.31066161 0.07094029 0.17100476
-0.10028712 0.25480169 0.16571289
-0.12376305 -0.20265010 0.17235504
0.22289187 -0.14265575 0.15693967
0.17751318 -0.02282974 0.16446704
0.20948130 -0.15995961 0.17158943
0.07113614 0.22893453 0.17386372
0.02458048 0.19895516 0.17269920
-0.16631697 0.11587764 0.17742118
-0.16880469 -0.07143559 0.17654811
0.24152902 -0.11759637 0.17406563
0.23267081 0.10344809 0.14478135
-0.14639264 0.05789535 0.17136118
0.24483210 0.10016049 0.16263956
-0.22008614 0.22623502 0.16409278
0.09812254 0.03836485 0.17827046
0.09887432 -0.01391959 0.17143944
0.12475093 -0.03525892 0.17620404
-0.02610476 -0.14365911 -0.07307576
-0.01345947 -0.04911096 0.17487404
-0.30102697 0.21540570 0.16602483
0.18994637 -0.20112808 -0.04754591
0.17542642 0.03419319 0.17334856
-0.08130445 0.24699537 0.17172220
0.09806941 0.03089619 0.17145070
0.07115723 0.03446965 0.17401387
0.22348502 0.05808989 0.17969026
-0.01915685 0.19906177 0.16106918
-0.00957327 -0.21816814 0.17489573
-0.21021977 -0.21947640 0.17221463
-0.15614824 -0.15984008 0.17116025
0.04780622 0.04542480 0.17319362
0.23605020 0.00237446 0.17664374
-0.03234464 0.31755513 0.16738755
-0.01610502 -0.16272275 0.17551553
-0.17012423 0.07819573 0.17589639
-0.16066615 -0.03469639 0.16993843
-0.25684929 -0.04126426 0.17762505
-0.13031374 0.17789613 -0.07304128
-0.07281176 0.10511638 0.15664172
0.13287398 -0.28772926 0.17838855
-0.19002014 -0.08768244 0.16776682
-0.12649435 -0.22519398 0.17500316
-0.13228716 -0.06558931 0.15983507
-0.10934086 -0.16211328 0.18174282
0.21795972 -0.12080804 0.16552094
0.21281426 0.32392919 0.16349195
0.16834611 -0.16473505 0.17206568
0.18146989 -0.12218898 0.12230147
-0.11227695 -0.28894752 0.15410842
0.11014091 0.16843973 0.17643383
-0.14315037 0.18262008 -0.02672084
-0.22058938 0.21065438 0.17082785
0.15015361 -0.16803853 0.16664585
-0.07321091 -0.02913640 0.17409481
0.27626815 -0.05695200 0.16784658
0.08787522 -0.28237355 0.17284147
-0.07564513 0.21162413 0.16017930
-0.15997340 0.33542204 0.16717260
-0.15058240 0.14030039 0.17899318
0.17229950 -0.19598615 0.11134826
-0.11940849 -0.35847431 0.17278075
0.14141163 -0.17860050 0.16936979
-0.10275292 -0.22303453 0.17081788
-0.22743580 0.09684105 0.15938690
-0.16480893 0.30095533 0.15756343
0.20377922 0.15463933 0.12703238
-0.13058949 -0.06789882 0.17337738
-0.20156866 -0.02266459 0.17662409
0.13057928 -0.03003500 0.17628708
-0.08865524 0.18999381 -0.06188715
-0.07278185 -0.14595908 0.17734273
-0.00928994 0.00881238 0.17550200
0.03609095 0.12684464 0.18806326
0.02657322 -0.24366139 0.15212134
-0.09083365 0.08697405 0.17126565
-0.30612808 0.14114156 0.17689756
0.23146400 0.15176529 0.17929046
0.10071003 0.00990048 0.17440404
0.00184676 0.03423623 0.17156407
-0.07329488 -0.14792123 0.18017145
0.26423806 -0.09429099 0.17769581
-0.07039167 0.04324304 0.17851858
-0.12477645 -0.11288906 -0.04926926
0.21412423 -0.03936752 0.16957368
0.30058065 -0.00738493 0.18450543
-0.01609748 0.18373621 0.18358643
0.29205248 0.17080756 0.15824506
-0.11136327 0.28971133 0.18077058
0.17533419 -0.05090483 0.14119688
-0.14914307 -0.14970446 0.03615329
-0.23322308 -0.00754269 0.17203923
-0.25430456 -0.26261529 0.16141288
0.24075377 -0.28054488 0.16457178
0.16836089 0.05772954 0.17250746
-0.18510616 -0.23253423 0.17853521
0.16991688 -0.18685326 -0.06571598
-0.09511941 0.06172035 0.17059544
-0.15042591 0.10990317 0.16801895
0.03863856 0.04876266 0.17256564
0.22987071 -0.19641563 0.15236090
-0.06438962 -0.33092490 0.18103805
0.10699285 -0.14488916 0.17291227
0.10846399 -0.29660136 0.17625096
-0.17784329 0.25129622 0.16579762
-0.11290637 0.23486972 0.17132546
0.20278890 -0.20704219 0.17305495
-0.03650258 -0.05017896 0.17895095
0.03715609 0.29950055 0.17286761
0.21736234 0.21462354 0.17811722
-0.18670247 0.36081669 0.16307174
-0.00625467 -0.34216514 0.16467336
-0.16314879 0.19148330 -0.12690862
-0.12723571 -0.33517766 0.15508783
-0.22933049 -0.06139149 0.16768083
-0.06343667 -0.15480489 0.17256783
0.17694815 0.00110956 0.17230998
0.22107664 -0.01478338 0.17588744
-0.13580468 0.01187359 0.17327443
-0.17922705 -0.19112238 0.17217883
0.02939126 -0.00807847 0.17350918
-0.10302934 -0.10428187 0.17573895
-0.29574406 0.04047336 0.17310910
-0.10248750 0.34239125 0.14459491
-0.12343446 -0.03820859 -0.06035732
0.08068818 0.11193667 0.17748143
0.27771693 -0.15571597 0.18080808
-0.16593771 -0.10674955 0.17193104
0.05286565 -0.28697237 0.17748801
0.19718100 0.31907496 0.17867288
0.18115142 0.12332685 0.13215461
0.00936357 -0.18418220 0.17780381
-0.19202678 0.15162867 0.17328133
0.02291260 -0.32901844 0.17830920
0.08384895 0.15698835 0.16383600
0.09578372 -0.24161273 0.17055333
0.14923075 0.05509740 0.17233287
-0.12797527 -0.29018340 0.17069441
0.27178565 0.02756993 0.16832997
-0.11651101 0.12927304 0.17157309
0.18396170 -0.06770785 0.16516660
-0.13688780 -0.15592965 0.13024151
-0.10098669 -0.04208965 0.17309889
-0.27243981 0.08259025 0.18270230
0.06162627 0.11343350 0.17871206
0.22698928 -0.08918738 0.17418613
0.07982036 0.02561892 0.17142148
-0.15136102 0.10159440 0.16991656
0.06478813 -0.26515317 0.17392653
-0.11488925 -0.28781697 0.16132370
0.21941824 0.22503228 0.14795613
-0.18204835 0.09683032 0.18061940
-0.07728647 -0.02355567 -0.08731857
0.19170626 -0.20545556 0.14256710
-0.17137110 -0.03786708 0.17238984
0.19626161 -0.20708117 -0.09559867
-0.10337560 -0.16009749 -0.05324296
0.20381624 -0.07324077 0.17733443
-0.16755569 0.29778388 0.18265973
0.23104468 -0.23191747 0.14564760
-0.09941076 0.13709384 0.15616815
-0.10672829 0.00917208 0.18303828
0.15752855 -0.06200969 0.16233529
-0.25412190 -0.21732543 0.16944768
-0.26064906 0.21119501 0.16342059
0.09752434 -0.07052054 0.16756223
-0.15299745 0.31606385 0.17482801
0.00252194 -0.23898694 0.17342988
0.22446170 0.23584658 0.12933868
-0.06594157 0.19710198 0.15894644
-0.06932285 0.25777236 0.17251682
-0.03821836 0.02978825 0.17019141
0.12409434 -0.25759667 0.17759264
0.03369717 -0.25873697 0.16705242
-0.03176229 -0.19777346 0.15985253
-0.02582486 0.24189587 0.17840299
0.04382426 0.14123169 0.16978972
0.20719624 0.22675027 0.16912422
0.02437469 -0.01011670 -0.05853628
0.05058221 0.30762699 0.16197918
0.00326880 -0.12856744 0.17508228
-0.04984782 0.05728493 0.18116629
-0.14692339 0.16154514 -0.06016868
0.12831399 -0.12773854 0.15881377
0.03785442 0.28768399 0.18014145
-0.01033015 -0.10644677 -0.06392948
-0.14514771 -0.18336006 -0.03785917
0.22653668 0.14197721 0.15580463
-0.20405206 -0.20125347 -0.04817813
0.02387517 -0.25627705 0.17275906
0.15079999 -0.27580869 0.15276076
0.19084378 0.30598292 0.15846685
0.22207871 -0.23334123 0.16461588
-0.05366294 -0.03683740 0.16606973
-0.20524962 -0.25696814 0.16451392
-0.01470223 0.13963653 0.17613420
0.05503526 -0.32429776 0.16390915
0.09452796 -0.22449100 0.16197599
-0.14795618 0.29979178 0.16369545
0.13999867 0.05893358 0.16884705
-0.07734433 0.17804913 0.17038685
-0.15820266 0.03815284 0.17831832
0.17699280 0.05744123 0.17612806
0.11279025 0.09113763 0.17241333
0.17137685 -0.20497325 0.09895876
0.09436409 0.14364526 0.16459464
-0.23199160 -0.25677127 0.17641944
-0.12042935 -0.09390014 0.17244080
0.13134357 -0.20000680 -0.06610733
-0.18634646 -0.15418579 0.17869219
-0.13669372 0.26296523 0.13336560
0.17518860 -0.20768677 -0.04494742
0.25923210 -0.22801307 0.16363516
-0.28753889 0.01144476 0.17039953
-0.14464642 -0.11885288 0.17554072
-0.12496035 -0.22537279 0.17062478
0.17756903 -0.17340609 0.16492517
0.02655498 0.21570961 0.14315601
0.05932506 0.13685164 0.17614505
0.13296139 -0.15681836 0.17825010
-0.11025655 0.03840231 0.17853773
0.03534829 -0.11609115 0.17548293
-0.08374574 -0.10104935 0.16817306
0.15719666 -0.15100169 0.18161312
0.19253677 0.16437721 -0.01280263
-0.07998344 0.10202201 0.17061719
0.11060691 0.22976418 0.17589591
0.15977262 0.18665542 -0.09718212
-0.20112377 -0.10175483 0.16668290
0.04182074 0.02577347 0.10611360
-0.17955762 0.09970151 0.12237160
-0.26451576 0.28825435 0.16252460
0.17122266 0.34608001 0.16754505
-0.17223516 0.19956185 -0.03928527
0.18756500 0.19693679 0.00809671
0.02971123 0.15366763 0.17525369
-0.07652814 -0.02103187 0.17452528
-0.14320114 0.17858455 0.14048746
-0.20243341 0.10104083 0.18169515
-0.20865414 0.13161479 0.17570160
0.19009745 0.16703220 0.13621119
-0.08390843 -0.16195238 0.16904457
-0.17137340 0.34664404 0.16781649
-0.24707291 0.21516952 0.15957463
-0.23813376 0.02832878 0.17526026
0.08595039 0.23429921 0.16763560
-0.05463324 -0.04176305 -0.01722953
0.19117364 0.07311167 0.17542118
-0.16569325 -0.23621926 0.17261042
0.00226033 0.29512793 0.17035735
-0.30279335 0.06894889 0.16839623
0.16165335 0.23646519 0.16921251
-0.02211581 0.20555876 0.18426257
0.05583599 -0.08022565 -0.06998038
-0.24489865 0.00304261 0.17660685
-0.09153499 -0.17132702 0.12850678
-0.22897503 0.29322746 0.13383219
0.06158552 0.04728322 -0.06854912
0.17028573 0.26181340 0.15245673
-0.09930094 -0.20393823 -0.05968394
0.27514929 0.00330960 0.17625821
0.07766650 -0.19146797 0.16562393
-0.23828335 -0.23905203 0.16175261
0.17989160 0.00467926 0.16384020
-0.21408747 0.12385561 0.17269844
-0.24296397 0.16055033 0.17451894
0.18716581 -0.14506911 0.17983571
0.06457898 0.03688104 -0.05417199
0.09559334 -0.28010613 0.17820507
-0.11926440 -0.04853467 0.16960678
-0.00474202 0.28846028 0.16542624
0.17696418 0.08556744 0.16676861
-0.18416314 0.15568320 -0.15660444
0.11798824 0.27388090 0.18125929
-0.15316424 0.00222906 0.16901585
-0.21344332 0.27558184 0.14321828
-0.12193425 0.16334179 0.17773116
0.15348393 -0.14489341 0.14141238
-0.02322712 -0.14150696 0.17266427
-0.18569402 0.18555604 0.11796308
-0.20904070 -0.15240480 0.12820368
-0.08872736 0.01959710 0.16722448
0.15955067 0.05062784 0.16951713
0.12990803 0.10565866 0.15557209
-0.27695382 0.19671749 0.16612497
-0.15887660 -0.09980531 0.17071493
0.26061073 -0.06180044 0.17236029
-0.19798559 -0.24918738 0.16859475
0.31678626 -0.05176804 0.16782060
-0.15278764 0.17939834 0.11589110
0.18519481 0.05183482 0.12840340
-0.22201788 -0.03883880 0.17313229
0.20463654 -0.16065800 0.16064987
0.27486417 0.06273792 0.16234683
0.20360446 0.20944974 0.17966071
0.15496340 -0.19175525 0.07162513
0.00014028 0.26552373 0.17083742
-0.18937840 -0.20192550 0.15619729
-0.09362023 -0.01081028 0.16865873
-0.10443190 -0.01379876 0.17573173
-0.19287901 -0.04240662 0.15167126
0.18777989 0.35143465 0.17057548
0.19167694 0.11758996 0.13828608
0.27161860 -0.12892540 0.13007149
0.25290245 0.11718542 0.16624594
0.17799526 -0.19238906 0.17687924
0.28308016 0.24397129 0.16869336
-0.05699085 0.28646415 0.17885515
-0.11048294 0.17905527 0.18424693
0.00690467 0.20911095 0.17008990
-0.17187542 -0.02813774 0.15356974
0.03648508 -0.18911995 0.17743522
-0.07666489 -0.10502733 0.16767289
-0.16128686 0.18446553 0.17649285
0.14544311 -0.26457411 0.16171731
0.09094986 -0.17571035 0.17540710
0.19646148 -0.16555691 0.00759498
0.04757767 0.14168987 0.17322460
-0.01873593 0.31770694 0.15694568
0.28482649 0.21221472 0.17536023
-0.23554403 -0.15942195 0.18080960
-0.04400395 0.11311725 0.18625946
-0.20906737 -0.21356250 0.17709239
-0.22481257 -0.01929426 0.18192355
0.23685363 0.04338961 0.17423992
-0.21419024 -0.00081600 0.13656776
0.06684466 0.20770380 0.18008588
0.20941098 0.18949842 0.11584823
0.09104086 -0.20100647 -0.07142353
-0.21819001 -0.07130240 0.17943017
0.25282434 -0.00933998 0.17426215
-0.14707455 0.05191924 0.17573124
-0.30398124 -0.20941588 0.16686369
0.20361689 0.27878496 0.18202592
-0.04219216 -0.02431027 0.10511652
0.28118771 -0.15401570 0.14389528
-0.20952043 0.28934219 0.16982959
-0.04157341 -0.15251473 -0.02689687
-0.18108672 0.23507562 0.17955683
-0.11515589 -0.33559528 0.16648233
-0.18245712 0.04064144 0.16231933
-0.17758965 -0.30586249 0.17715277
-0.08354890 0.17750609 0.17204979
-0.07879679 0.03007476 0.17824693
-0.15813047 0.09471700 0.17705137
0.01495404 -0.05598575 0.17150442
0.12168789 -0.22660328 0.17012511
-0.10593207 -0.07477276 0.17560996
0.06949281 -0.35748166 0.15795816
0.12523851 -0.03962171 0.17070574
-0.05717226 0.26230550 0.17813410
0.01125153 0.00546152 0.09252132
-0.17199822 0.19166827 0.17790453
0.23459899 -0.17735417 0.15836591
-0.24936874 -0.35441753 0.16610372
-0.13862780 -0.27771756 0.16996974
-0.28451681 0.07552343 0.17197639
0.27613857 0.13913450 0.14729200
0.28260812 0.24492741 0.18672098
-0.19536239 0.20773603 0.15128629
-0.23968020 0.01535475 0.17860417
-0.11093152 0.05977122 0.16477816
0.18144467 -0.17595503 0.03603189
-0.28267914 -0.32054111 0.15148011
0.24429700 0.03017284 0.15669528
0.09054018 -0.03259586 -0.08106576
-0.16970387 -0.16752781 0.14567971
0.19292870 0.07037325 0.17377868
-0.17197767 -0.27671427 0.17788237
0.24614879 -0.08449344 0.15682524
-0.03634677 0.22524580 0.12784290
0.08070087 -0.03023098 0.16706300
-0.03387275 -0.11314794 0.17248735
-0.15764914 -0.28322843 0.18370977
0.12852159 0.32422739 0.16913481
-0.14658199 -0.24560432 -0.09931910
-0.09573703 0.33692682 0.15338752
-0.22448523 0.21678579 0.16960844
-0.11876471 -0.28256163 0.13851175
-0.23297606 0.09602289 0.16735910
-0.03128953 0.06266115 0.17959067
0.08402145 -0.18212251 -0.01399934
-0.08276032 0.13702680 0.16908814
0.12141701 -0.13654153 0.09743994
-0.07368768 -0.01309373 0.17635690
0.07879622 0.17300755 -0.04657448
0.06638529 -0.18070632 0.17864087
-0.24465106 -0.07501267 0.15579934
-0.12967548 0.08023599 0.16121353
0.26017559 -0.03915818 0.15973605
0.06397460 -0.12585232 0.17822374
-0.19139612 -0.00069587 0.17523262
-0.09840646 -0.36933479 0.16724215
-0.04716690 -0.04840440 0.18038869
-0.14990914 0.19281408 0.00604226
-0.22346610 -0.00795455 0.17642671
0.13440759 -0.17657331 -0.09254248
0.14777365 0.07801847 0.17544889
0.04358592 -0.24584877 0.17576241
0.03764093 0.31247938 0.17841566
0.28263876 -0.01125499 0.16983476
0.23346694 0.12630515 0.16565193
-0.29010579 0.10775702 0.16809005
-0.14175659 -0.10668001 0.16598155
0.24491361 -0.15251708 0.17355844
-0.09402692 -0.23449716 0.17670949
-0.16865872 -0.07407693 0.16496897
0.26634231 -0.04322809 0.13943063
0.04309995 -0.08904415 0.17754221
0.19376634 -0.20591694 0.08647007
-0.03987376 0.21830302 0.13185211
-0.13520922 -0.29588813 0.18321300
-0.00303118 0.02705397 0.16662596
-0.03556618 0.15021072 0.17819685
-0.21714909 0.01012950 0.18305686
-0.10615451 0.15953536 -0.07766911
0.18482614 -0.19895075 -0.02146315
0.22413628 -0.33734232 0.17931978
-0.23269114 0.11280812 0.17747042
0.02337876 -0.07118784 0.17020558
0.18166877 0.03824257 0.15471581
-0.33566663 -0.02980693 0.15858684
-0.19056199 -0.16436894 0.17072248
0.26452658 0.18268658 0.16616002
-0.22692700 0.18115932 0.16317284
0.22573499 0.04273153 0.18150339
-0.10370090 0.17292047 0.17637852
-0.16060641 -0.01910390 0.17191611
-0.00545625 0.13073826 -0.07479493
0.02359425 0.04794864 -0.04582877
0.04525539 0.28415245 0.16484815
0.27171701 -0.17305702 0.18347818
0.20261037 0.20297119 0.17615320
0.09239491 0.33483589 0.14573748
0.06592924 0.18561730 0.10651851
0.17418030 0.17275913 0.14761947
0.01807908 -0.00826118 0.17517653
-0.22079217 -0.03057906 0.16376485
-0.16271137 -0.32115278 0.15458922
-0.27395126 0.22093266 0.15548189
0.00495134 0.09787750 0.13479665
-0.15372930 0.29083249 0.17517152
0.18453993 -0.08946081 0.17009580
0.12466944 0.26374289 0.17538805
-0.10593347 -0.02768364 0.16159037
0.17634177 0.05092326 0.17356950
0.17965995 0.20524941 0.17947601
-0.24026251 -0.09988271 0.17671727
0.25269410 0.07316355 0.16693528
-0.07190084 -0.01360182 0.18706785
0.23134567 0.10193389 0.17030898
-0.20278920 -0.28132454 0.14666821
-0.13642910 -0.16846430 0.17787309
0.09111048 0.09109029 -0.06798065
-0.21104717 0.15519731 0.16766219
0.10551435 -0.09851129 0.17535098
0.00551007 0.13684368 0.17478299
0.04788269 0.18965223 -0.05838003
-0.20723331 0.12904723 0.15842204
0.22370300 -0.17494850 0.17869903
0.06287017 0.12097615 -0.06771452
-0.06571236 0.24128626 0.17485291
0.17549942 0.09059975 0.18190672
-0.11682929 -0.32775313 0.16853763
-0.09692086 -0.33710843 0.16861434
0.14968742 -0.15890872 -0.03741680
-0.04001447 0.17945491 0.17155668
-0.17829910 -0.19668783 -0.02186520
0.14439079 -0.19649762 0.16573536
-0.07474811 -0.36779550 0.16553599
0.15343915 0.19245002 0.04520630
-0.14095464 0.25118455 0.17600136
0.06092524 -0.25297961 0.16833812
-0.08960060 -0.15121871 0.17154932
-0.01917566 -0.16028062 0.16285685
-0.19919984 0.25115433 0.17763777
-0.26425356 -0.13284576 0.17275478
-0.28892529 -0.02931512 0.14628744
-0.14089939 -0.07725854 0.17155463
0.03564173 0.35274073 0.17526925
0.25197351 -0.26833373 0.17960696
-0.25297585 0.15658396 0.15194662
-0.26424024 0.14146057 0.18193123
0.21180478 -0.05199066 0.16969070
0.31005639 -0.10368586 0.17305870
0.06694186 0.22069861 0.17033590
0.21697740 -0.04489334 0.15886694
-0.20590767 0.00780088 0.16903068
0.13646805 0.16310236 0.17617421
-0.17407115 -0.02648041 0.16895172
0.10974790 -0.26158944 0.17468081
-0.25121608 0.01050458 0.18284605
-0.16727771 -0.13665691 0.18400624
0.08093358 0.21367538 0.15910201
-0.11011036 0.02302219 0.17571114
0.25773171 -0.08333337 0.16971049
0.00388676 -0.24414581 0.12685701
0.06323716 0.24894258 0.17834875
0.14577417 0.00072096 0.17248356
0.09701037 -0.17497456 0.00135359
0.03862730 -0.06058752 0.16757503
0.24395016 0.02502067 0.15944114
-0.16579303 0.14791675 0.15390615
0.27557999 -0.05207812 0.17621773
0.00017618 0.14442568 0.17120112
-0.17278987 -0.19117972 0.16673352
-0.17058012 -0.20399530 -0.10686871
-0.05135571 0.02004525 0.17412837
-0.20871753 -0.29120579 0.17449686
-0.21024761 -0.19412208 -0.08007849
0.00613246 -0.27681899 0.17726706
0.14854343 0.16145931 -0.04961273
-0.15089831 0.19391745 -0.09905502
-0.10635420 -0.02175261 0.17606510
0.21159613 -0.09154208 0.17121968
-0.27508429 0.21302514 0.15047325
0.20724250 -0.01397607 0.12898152
0.04129061 0.02780108 0.17154594
-0.10296164 0.31808025 0.14983112
-0.12626770 0.18414141 -0.07775543
-0.18254578 0.05565321 0.17244826
0.06962584 0.26681641 0.12845850
-0.12324938 0.00265597 0.18045548
-0.03493559 -0.01151461 0.17503218
-0.06250446 -0.32269385 0.13891825
-0.13985887 0.22348848 0.14202924
-0.23786777 -0.24747016 0.17480992
-0.06179728 0.23619862 0.16915976
-0.17778745 0.21215165 0.14073588
0.26455376 0.03622104 0.17532110
0.03723173 -0.22686823 0.17528963
-0.19457196 -0.22298934 0.15821092
0.27174082 -0.21889527 0.16885473
0.19721743 0.04598347 0.16882609
0.00487762 -0.23476879 0.17322154
0.02926741 0.11983331 0.16997372
0.18777600 0.21962610 -0.09981593
0.11012724 0.17014697 0.18879470
-0.17584895 -0.11913401 0.17725988
-0.08826926 0.05234138 -0.05240593
