0
TOTAL: 1499.15
LENGTH: 1189.13, 310.02
LABEL: 0863, 2729
1
TOTAL: 1479.95
LENGTH: 970.29, 509.66
LABEL: 1863, 3863
2
TOTAL: 1447.20
LENGTH: 831.62, 615.58
LABEL: 1363, 4863
3
TOTAL: 1426.96
LENGTH: 830.43, 596.53
LABEL: 4063, 3563
4
TOTAL: 1484.07
LENGTH: 768.14, 715.93
LABEL: 5863, 5663
5
TOTAL: 1496.65
LENGTH: 539.75, 538.93, 417.98
LABEL: 0036, 0236, 1746
6
TOTAL: 1401.17
LENGTH: 490.27, 479.50, 431.40
LABEL: 2036, 6263, 2346
7
TOTAL: 1499.05
LENGTH: 431.08, 415.74, 413.13, 239.10
LABEL: 3136, 1122, 5262, 0417
8
TOTAL: 1496.84
LENGTH: 408.44, 373.25, 372.82, 342.33
LABEL: 3862, 1738, 0611, 1723
9
TOTAL: 1460.50
LENGTH: 372.40, 369.72, 359.26, 359.11
LABEL: 4163, 3653, 1335, 3536
10
TOTAL: 1405.59
LENGTH: 357.13, 350.38, 349.23, 348.85
LABEL: 2853, 0220, 0011, 3445
11
TOTAL: 1497.10
LENGTH: 348.81, 336.00, 333.98, 326.72, 151.60
LABEL: 1035, 0517, 4562, 4552, 4445
12
TOTAL: 1499.99
LENGTH: 325.83, 320.04, 319.51, 316.20, 218.41
LABEL: 2136, 3641, 1937, 4462, 3542
13
TOTAL: 1496.17
LENGTH: 314.19, 312.71, 307.17, 306.66, 255.45
LABEL: 4749, 1936, 1129, 3040, 0111
14
TOTAL: 1497.10
LENGTH: 304.31, 303.83, 302.51, 295.61, 290.84
LABEL: 2135, 4851, 3240, 3446, 0811
15
TOTAL: 1455.06
LENGTH: 295.04, 294.36, 293.80, 287.89, 283.96
LABEL: 4662, 5562, 4247, 3537, 1130
16
TOTAL: 1498.31
LENGTH: 283.31, 282.50, 281.56, 275.10, 275.08, 100.75
LABEL: 1127, 3846, 5255, 6062, 2541, 5060
17
TOTAL: 1497.75
LENGTH: 271.03, 269.21, 269.19, 264.41, 263.45, 160.46
LABEL: 1832, 4652, 4460, 1119, 0926, 0405
18
TOTAL: 1499.45
LENGTH: 262.88, 259.29, 253.87, 249.81, 246.98, 226.62
LABEL: 0920, 5763, 1930, 4450, 5053, 2126
19
TOTAL: 1453.01
LENGTH: 245.33, 243.42, 243.09, 242.05, 240.36, 238.75
LABEL: 2732, 1213, 3452, 6063, 2329, 1523
20
TOTAL: 1420.27
LENGTH: 237.59, 237.18, 237.13, 236.57, 236.16, 235.64
LABEL: 3345, 0309, 4347, 2439, 0117, 3235
21
TOTAL: 1499.61
LENGTH: 233.68, 231.82, 230.78, 229.02, 228.78, 227.99, 117.55
LABEL: 2841, 3037, 3248, 3650, 4349, 2945, 0816
22
TOTAL: 1499.46
LENGTH: 227.45, 226.03, 222.35, 219.20, 218.99, 218.76, 166.69
LABEL: 5363, 2536, 3948, 2236, 1529, 2933, 3033
23
TOTAL: 1499.52
LENGTH: 218.02, 216.31, 216.11, 215.33, 212.28, 212.27, 209.20
LABEL: 1415, 4556, 3750, 0411, 4954, 4353, 4153
24
TOTAL: 1459.03
LENGTH: 212.25, 211.12, 209.70, 208.69, 206.83, 205.47, 204.97
LABEL: 4254, 5357, 1118, 2730, 2930, 2934, 3237
25
TOTAL: 1402.10
LENGTH: 204.10, 203.20, 202.25, 200.91, 200.91, 195.61, 195.12
LABEL: 4157, 4548, 0818, 0622, 1922, 2122, 4048
26
TOTAL: 1488.76
LENGTH: 194.72, 193.43, 184.80, 184.17, 183.81, 183.80, 183.18, 180.86
LABEL: 2641, 3547, 2432, 1827, 2435, 2740, 0711, 4051
27
TOTAL: 1411.30
LENGTH: 179.76, 177.69, 177.46, 177.17, 175.81, 175.26, 174.27, 173.88
LABEL: 3543, 4856, 5156, 0003, 6163, 3141, 0714, 2031
28
TOTAL: 1499.30
LENGTH: 172.22, 171.71, 171.69, 171.52, 171.19, 167.68, 160.04, 158.08, 155.17
LABEL: 0913, 3337, 0312, 5459, 2334, 1221, 3344, 0514, 0921
29
TOTAL: 1498.13
LENGTH: 157.78, 157.45, 156.29, 154.67, 150.52, 150.31, 147.23, 146.81, 141.73, 135.34
LABEL: 5354, 0209, 2631, 3239, 4243, 0912, 0203, 3744, 0612, 2836
30
TOTAL: 1428.79
LENGTH: 141.36, 134.92, 134.73, 132.90, 130.54, 127.68, 127.39, 127.30, 125.79, 123.72, 122.45
LABEL: 0001, 3638, 4555, 0715, 2526, 3637, 3539, 3032, 1115, 1618, 5761
31
TOTAL: 1398.19
LENGTH: 122.23, 119.51, 119.27, 118.60, 118.52, 117.99, 116.32, 114.40, 113.62, 113.40, 112.17, 112.15
LABEL: 2125, 0407, 0006, 1321, 4354, 5158, 0104, 4249, 2528, 5556, 0306, 5658
32
TOTAL: 655.98
LENGTH: 111.28, 111.04, 110.24, 108.77, 107.51, 107.14
LABEL: 3947, 0507, 1222, 1013, 4959, 1423