2048
-0.14468598 -0.46114883 -0.11319932
-0.15316945 0.44818261 -0.11317512
0.15419385 0.45193604 -0.11302204
-0.15268984 0.46231025 -0.11187137
0.15495217 0.45299262 -0.11099923
-0.14819342 -0.45547894 -0.11059093
0.14415514 0.46294570 -0.10992141
-0.13959551 -0.46133950 -0.10971539
0.14155099 0.46255225 -0.10892082
-0.14168400 0.45976773 -0.10880259
0.15168959 -0.44761449 -0.10867742
0.15502813 0.45543757 -0.10845170
-0.15489289 0.45009285 -0.10686946
-0.14173323 -0.46261293 -0.10672395
0.14641681 -0.46317661 -0.10663405
-0.15246266 -0.44663993 -0.10409720
0.15405962 0.46148077 -0.10291507
-0.15504983 -0.45534065 -0.10260825
0.15470293 0.44954410 -0.10250242
-0.14560434 -0.46309143 -0.10192262
-0.15503573 -0.44942495 -0.10174069
-0.15306926 -0.44624016 -0.09990963
0.15493566 0.45844781 -0.09909972
-0.15504009 0.45652574 -0.09881154
0.15200943 0.46280143 -0.09867303
-0.14853233 0.45440313 -0.09649982
-0.15457380 -0.46002790 -0.09419960
0.15168661 0.44773981 -0.09310137
0.15248558 0.46249470 -0.09278697
0.14754003 -0.46318707 -0.09277055
0.15001822 0.46304533 -0.09122118
0.15490597 -0.45168459 -0.09111131
-0.14644775 -0.45670652 -0.09036238
0.14416456 -0.46315566 -0.09028761
-0.15411255 -0.44669425 -0.08776405
-0.15228629 0.44695568 -0.08674756
0.14905292 0.46311167 -0.08617184
-0.15497941 0.45167592 -0.08101762
-0.14542162 0.45725077 -0.07986706
0.14981464 -0.46304604 -0.07793018
0.15484035 0.45101815 -0.07738085
-0.15451232 -0.44754529 -0.07654092
-0.14135125 0.46038133 -0.07569205
0.14115405 -0.45963639 -0.07553206
0.14490533 0.45747402 -0.07535563
-0.15155050 0.44877043 -0.07017286
-0.14774853 0.45519805 -0.06950001
0.14078847 -0.46255299 -0.06870162
-0.14132857 0.45998365 -0.06840277
-0.14457324 0.46282122 -0.06636433
0.14158452 0.46257699 -0.06607144
0.15106216 0.44946659 -0.05874670
-0.14579180 0.45703921 -0.05457600
0.15505114 -0.45516592 -0.05431135
-0.15247843 -0.44662869 -0.05353709
0.13951191 0.46092099 -0.05165680
0.15466377 -0.44859293 -0.04769403
-0.14873552 -0.46311930 -0.04737325
0.15053475 0.45051414 -0.04734947
-0.15440965 -0.44718155 -0.04544994
-0.14572713 0.46296081 -0.04522743
0.14773843 -0.46318799 -0.04268713
0.14523879 -0.46316564 -0.04204648
-0.14122653 0.45988303 -0.04189238
0.15233025 0.44666415 -0.03911549
-0.15506801 0.45333391 -0.03787608
0.15457514 0.44908398 -0.03429753
0.14866015 0.45390156 -0.03409878
0.14538434 -0.45723683 -0.03372981
-0.15096408 0.44944388 -0.03352772
-0.14093268 -0.46232855 -0.03340533
-0.15407509 -0.46146679 -0.03102495
0.15502805 0.45737299 -0.03083712
0.13953871 -0.46100473 -0.03055511
0.15504497 -0.45573148 -0.02749774
-0.15186211 0.44704509 -0.02716869
-0.15291628 0.44606024 -0.02578460
-0.15450585 -0.44752237 -0.02567014
0.15347058 0.46186021 -0.02412295
-0.14185843 0.46185315 -0.02211328
-0.14038697 -0.45986030 -0.02203566
-0.14665204 0.46283728 -0.02095050
-0.15217340 0.44675428 -0.02084904
0.13951173 0.46089563 -0.01940281
0.15301958 0.44624990 -0.01485231
0.15484479 0.45884025 -0.01187724
0.14669830 -0.45615828 -0.00986628
-0.14880899 0.46272287 -0.00971550
-0.15486392 0.45874703 -0.00948275
-0.15394899 0.44657582 -0.00835811
-0.15413240 0.44674608 -0.00806642
0.15381601 0.44752061 -0.00752877
0.14893693 -0.45355034 -0.00670872
-0.15502819 0.45770711 -0.00563238
0.14306986 0.46299094 -0.00543357
-0.15474987 0.45927107 -0.00361485
-0.15182924 0.44707578 -0.00322961
0.13953674 -0.46083331 -0.00118816
0.15228629 0.44673216 0.00007953
-0.15504834 -0.45550591 0.00139747
0.15438676 0.45160076 0.00140751
-0.15484446 0.44919771 0.00222171
-0.15440547 0.44768631 0.00324545
-0.14848402 0.45411763 0.00417574
-0.14121208 0.46046272 0.00517133
0.14568856 0.45707172 0.00651102
-0.15252388 0.46247000 0.00656884
0.15445414 -0.44789246 0.00689246
-0.14198112 0.46143466 0.01422656
-0.15093562 0.44952211 0.01461306
0.14367417 -0.46315107 0.01669429
0.15498775 -0.45185602 0.01690081
-0.15161103 -0.44801489 0.01938932
0.14433363 0.46304861 0.01955322
-0.14647347 0.46269792 0.02197514
0.13979256 -0.46227324 0.02202892
0.14990771 -0.46303967 0.02704575
-0.15437558 0.44758335 0.02903383
-0.14238843 0.46164531 0.03233581
-0.14309737 0.45857626 0.03448343
-0.15503439 -0.45688733 0.03580612
0.15450290 0.45109236 0.03701051
-0.14184162 0.45946404 0.03740586
0.15425235 0.44925076 0.03788507
-0.14412504 -0.46302366 0.03944896
-0.15402031 0.44661644 0.04103719
0.15499830 0.45769984 0.04113107
-0.14130551 0.46142042 0.04196672
0.14197445 -0.45908475 0.04292109
-0.14955494 0.45233008 0.04430125
0.13953817 -0.46095726 0.04431565
-0.15442920 -0.44725084 0.04542382
0.15466294 0.45265576 0.04558327
-0.15391687 -0.44653282 0.04566031
-0.15468910 -0.44817162 0.04583887
-0.13952503 -0.46105161 0.04881980
-0.14823070 -0.45439973 0.05004161
-0.15504622 -0.45571604 0.05054139
0.14008906 0.46003869 0.05067745
-0.15507039 0.45350969 0.05192724
-0.14124069 0.46032175 0.05298746
0.14699802 -0.46318200 0.05347866
-0.14686275 -0.46314910 0.05559768
0.14410096 0.46303800 0.06104352
-0.14252469 0.45894894 0.06124638
0.14687434 0.45596302 0.06231423
-0.15466762 0.44858891 0.06362697
0.15490782 -0.45037231 0.06390978
0.15497366 -0.45159411 0.06755816
-0.14140022 0.45988327 0.06771669
0.15095374 -0.46296817 0.06946663
0.14890987 -0.45360425 0.06964623
0.15451023 0.44975013 0.06977841
0.15380302 -0.44649875 0.07218564
-0.15147674 -0.46292996 0.07314086
0.15489805 -0.45381561 0.07688531
-0.14939973 0.45263892 0.07920989
-0.14207840 0.46201786 0.07925642
0.14250654 -0.45879158 0.07954336
0.14449933 0.45768255 0.07986902
-0.15504876 -0.45106474 0.08053095
0.14692855 -0.46318138 0.08277547
0.14305353 -0.45849586 0.08371887
0.15424567 0.44734356 0.08609696
-0.15032315 -0.46300963 0.08640903
0.15071321 0.46299753 0.08818503
-0.13847047 -0.46052057 0.08857156
0.15350312 -0.46182826 0.08901609
-0.14625308 0.45669985 0.08966746
0.15223342 -0.44143713 0.09222897
-0.15311587 0.05795660 0.09283874
0.15309459 0.02347483 0.09285019
0.15309042 -0.21262500 0.09285545
0.15307662 -0.03757167 0.09287288
0.15300980 -0.18408461 0.09295724
0.15320036 -0.05972628 0.09295894
-0.15324274 0.26712787 0.09297226
-0.15299758 -0.04508939 0.09298599
0.15328500 -0.00650606 0.09305743
-0.15293828 -0.03047344 0.09305982
-0.15293822 0.40791768 0.09305991
-0.15338603 -0.10982028 0.09314413
0.15283698 0.21849650 0.09317540
0.15340880 -0.25383466 0.09320153
-0.15281561 0.30102554 0.09321254
0.15343150 -0.28410915 0.09322795
0.15348139 0.12908833 0.09328601
0.15274882 -0.20327617 0.09328670
0.15348226 -0.16362575 0.09328700
0.15274331 0.17993888 0.09329369
-0.15269876 -0.03218948 0.09335801
-0.15269554 -0.15389168 0.09336204
0.15358564 0.13957080 0.09340730
-0.15265349 -0.14166315 0.09341438
0.15263176 -0.34639674 0.09343449
0.15362203 0.28056619 0.09344967
-0.15261897 -0.28251550 0.09345733
-0.15364811 -0.10152095 0.09345850
0.15363985 -0.39793956 0.09347042
0.15366969 0.23207942 0.09350512
0.15256262 0.09339646 0.09352181
-0.15372831 -0.17823474 0.09355468
-0.15374431 0.36047339 0.09357388
-0.15251702 0.04616980 0.09358427
-0.15379128 -0.26264444 0.09363022
-0.15392232 -0.13012061 0.09378741
0.15391925 -0.36930531 0.09379556
0.15396288 -0.04268434 0.09384634
0.15398321 -0.03054222 0.09386997
0.15400028 0.25158301 0.09388984
0.15402332 -0.12457539 0.09391665
0.15224898 -0.28871793 0.09391776
0.15404201 0.40268585 0.09393841
-0.15405896 0.31431803 0.09395131
-0.15410155 0.01342706 0.09400239
-0.15217787 0.07247607 0.09400652
0.15217626 -0.43250623 0.09401135
-0.15216470 0.05863615 0.09402292
0.15216523 0.40851727 0.09402350
-0.15412065 -0.36352760 0.09403136
0.15412843 -0.24798290 0.09410613
0.15413341 -0.35012704 0.09412589
0.15415022 0.40582672 0.09419271
-0.15212446 -0.38979828 0.09420875
0.00401293 -0.46147174 0.09421784
-0.02626609 -0.46173060 0.09421791
0.02477200 -0.46212789 0.09421802
-0.07964156 0.46200356 0.09422207
-0.01967280 0.46212995 0.09422290
0.03148803 -0.46223751 0.09434790
-0.15423983 -0.17751276 0.09450971
0.15423506 -0.05388245 0.09452959
-0.15425903 -0.17296953 0.09458669
-0.09845851 -0.46233022 0.09463640
0.15426311 -0.33663064 0.09464102
0.11926904 0.46080261 0.09475078
0.15429541 -0.37828153 0.09476923
-0.15203720 -0.08434966 0.09479030
0.15201563 -0.36855692 0.09484725
0.15201512 0.07628293 0.09485075
0.14686510 -0.45595145 0.09485656
0.15199792 0.33036983 0.09496742
-0.15436456 0.26917869 0.09501030
0.15439343 -0.00141796 0.09515850
0.13087285 0.46240574 0.09517298
0.08118635 -0.46250272 0.09517317
0.09419926 -0.46054080 0.09535310
0.15193310 -0.10925769 0.09540763
0.15191749 0.10507365 0.09551366
0.15498549 0.45823133 0.09552822
0.15191376 0.37168500 0.09553885
0.15449753 0.22671136 0.09557179
0.15450266 0.26558375 0.09559214
0.15189916 -0.09033498 0.09563792
-0.15454030 -0.26052800 0.09571567
0.03408917 0.46252257 0.09571688
0.15457067 -0.40424585 0.09586221
0.15185741 0.16582891 0.09592146
-0.15459883 -0.30513865 0.09595055
0.15184540 0.41283852 0.09600297
-0.15462989 0.36521015 0.09607528
0.15183458 0.39892966 0.09607653
-0.15183410 -0.19997138 0.09614409
-0.15182114 0.17590083 0.09623045
-0.15467438 0.40038872 0.09625378
-0.12418356 0.46265185 0.09626005
-0.15472689 0.42931223 0.09646457
-0.15472752 -0.33830348 0.09646706
-0.15473714 -0.16265233 0.09650570
0.15176117 0.42387846 0.09657476
0.15478197 -0.22413424 0.09670130
-0.15174714 0.34665644 0.09672365
-0.15480810 0.28871810 0.09679052
0.15171784 -0.25683981 0.09686903
-0.15172121 0.08105836 0.09689655
-0.09778433 0.45987260 0.09720550
0.15487546 0.01009521 0.09745152
-0.15155461 -0.25901034 0.09747905
-0.10461447 0.46305987 0.09749918
0.15488064 -0.06159434 0.09756116
-0.15151250 -0.22558084 0.09761718
-0.15151036 -0.34494889 0.09762424
0.15488380 -0.25936699 0.09762879
0.15488723 0.44005355 0.09765299
0.00193301 0.45985264 0.09769659
-0.09880230 -0.46314862 0.09781010
-0.15145347 -0.00657922 0.09781077
-0.06887624 0.46316501 0.09783807
0.15142229 -0.42724234 0.09790558
0.15141559 -0.03020661 0.09792769
-0.15074328 -0.44621146 0.09793143
-0.15140656 0.12984313 0.09796457
0.05131363 -0.45982409 0.09799936
-0.15139282 0.08927658 0.09800965
-0.04802258 -0.46315178 0.09810775
0.15490997 -0.12170929 0.09818389
0.02821245 -0.45981103 0.09828570
0.15130040 -0.42148647 0.09830662
0.15126204 -0.25625679 0.09843286
-0.14216322 0.45873326 0.09844348
-0.15336472 0.46177682 0.09861974
-0.15493545 0.37197229 0.09864824
-0.15116262 0.42478809 0.09876463
-0.13397983 -0.46312913 0.09877814
0.14788061 0.45454386 0.09879798
-0.15494317 -0.39592952 0.09881585
-0.15113297 -0.05696218 0.09886184
-0.15109760 0.05963676 0.09897787
0.05725165 0.45978177 0.09921629
0.15506870 -0.45353875 0.09939156
0.15496793 -0.09595899 0.09941392
-0.15497133 0.01009193 0.09942798
0.15095931 -0.02391048 0.09942882
-0.15095231 0.01075989 0.09945436
-0.14630803 -0.46318880 0.09949006
-0.15497464 0.13459194 0.09950003
0.15497994 0.43236497 0.09966931
-0.15087479 0.38042930 0.09970848
-0.15086731 0.39803487 0.09973302
0.15498415 -0.06817178 0.09975820
0.15084878 0.06690518 0.09979256
0.15082479 -0.04906548 0.09987147
-0.15082467 0.23459315 0.09987292
0.15499127 -0.01509829 0.09990937
-0.15081072 0.42299885 0.09991865
-0.15499702 0.10286555 0.09998683
0.15073994 0.18187003 0.10015061
-0.06899104 0.46318880 0.10018972
0.15500560 -0.16654612 0.10021404
-0.15500847 0.26082900 0.10023569
-0.13913369 -0.45916039 0.10024949
0.13950163 0.45917293 0.10025594
-0.15067035 -0.38541946 0.10037900
0.15066883 -0.03474203 0.10038453
-0.15066180 0.22501467 0.10040704
0.15501496 -0.22850469 0.10041256
0.15058351 0.11987846 0.10066530
-0.15502933 -0.02524657 0.10068920
0.05631233 -0.45969456 0.10083894
-0.15041491 0.40287918 0.10121666
0.04149305 0.46286726 0.10131463
0.15038431 -0.27920315 0.10132065
-0.15506050 0.14784983 0.10136696
-0.15507051 0.09080192 0.10163239
0.15028083 -0.01555745 0.10166117
0.15024418 0.05899550 0.10178169
-0.15023828 -0.07850657 0.10179598
0.15507051 0.21793364 0.10182311
-0.15506262 0.07956713 0.10184021
-0.15021974 0.36386135 0.10185675
0.15013361 -0.26918936 0.10209414
0.15008807 -0.41977739 0.10215363
0.15507051 0.37617594 0.10223213
-0.15002239 -0.01204951 0.10223368
-0.15504393 0.06505395 0.10233092
-0.14988670 -0.21558481 0.10241117
-0.15062374 0.46276352 0.10243647
-0.14981964 0.40761164 0.10249885
0.12603110 0.46280766 0.10263485
0.15507051 0.30028456 0.10271305
-0.15502262 -0.27641740 0.10289172
-0.14951539 -0.01723604 0.10289679
-0.15502161 -0.37650883 0.10291781
-0.15502086 0.02743699 0.10293747
0.14934844 0.19245014 0.10311996
-0.14928877 -0.28213862 0.10319321
0.15507051 0.02894627 0.10319878
-0.15500888 0.32640398 0.10325260
-0.15500808 -0.25120097 0.10327387
-0.15500683 -0.31845111 0.10330655
0.15507051 -0.34831145 0.10336372
-0.15500444 -0.36248150 0.10336918
0.10423460 0.45862770 0.10344135
-0.15500033 0.45342761 0.10344872
-0.15500063 0.35391766 0.10346983
-0.14906070 -0.23168692 0.10349152
0.11161777 0.45848021 0.10371269
-0.15498874 -0.22754304 0.10378253
0.15507051 -0.10349002 0.10379167
0.14879161 0.08912349 0.10384748
0.14875287 0.26179457 0.10389806
0.05124295 0.45837387 0.10390841
-0.14872867 0.12877765 0.10392583
-0.15498242 0.24870601 0.10394802
0.15507051 -0.07734566 0.10403235
-0.15497899 -0.20310028 0.10403819
0.15507051 -0.44055110 0.10404223
-0.14862844 -0.27381748 0.10405691
0.03165368 0.45826349 0.10411152
-0.14858529 -0.20149621 0.10411336
-0.14848763 0.24378744 0.10424112
-0.15497023 0.12462155 0.10426898
0.15507051 -0.09451227 0.10431333
-0.14831853 0.10312701 0.10446228
-0.14820117 0.04815802 0.10461579
0.14762059 -0.45004028 0.10463805
-0.06213414 -0.46300513 0.10465184
0.15507051 0.36930960 0.10472631
0.15507051 -0.03302637 0.10482343
0.14804068 0.28571469 0.10482854
-0.15494213 -0.18359143 0.10500792
-0.14535761 -0.45540527 0.10510338
-0.14778706 0.35754418 0.10515743
-0.15493542 -0.19753225 0.10518429
0.14758310 0.17221370 0.10542640
0.14752099 -0.28064996 0.10550754
-0.14746264 0.18727778 0.10558177
0.05482909 0.45720503 0.10558690
0.15498424 0.45822006 0.10564823
-0.15491214 -0.01232740 0.10579599
0.10387301 0.46261239 0.10585140
-0.14699897 -0.10331979 0.10601925
0.15500924 0.22818357 0.10611039
0.07814569 0.45616668 0.10617997
0.14658630 -0.39531124 0.10621484
-0.14657298 -0.29592547 0.10622101
0.01226402 -0.46290895 0.10624168
-0.15487921 -0.28375554 0.10625324
0.14632270 -0.12301112 0.10633977
0.15494901 0.20892307 0.10641230
-0.15486351 0.37507749 0.10642230
0.00835799 -0.45572007 0.10642356
0.15500638 -0.08911527 0.10642983
0.15500772 0.42756945 0.10645642
-0.14595884 -0.44406098 0.10646379
-0.14603317 -0.16865584 0.10647668
0.15492803 0.04163577 0.10650288
0.14589658 -0.26500115 0.10654171
-0.14580786 0.43097648 0.10658339
0.14575812 -0.43746591 0.10660734
-0.15484446 -0.22671862 0.10662728
-0.14570257 0.04034900 0.10663327
0.14431116 -0.45303243 0.10667654
-0.14554855 0.14606893 0.10670620
0.14549300 -0.13937156 0.10673299
-0.15482616 -0.17140387 0.10682435
0.15483555 0.20163493 0.10698226
-0.12309615 0.45471975 0.10700641
-0.14486641 -0.06088044 0.10702930
0.15493795 -0.27631807 0.10710278
0.12854794 0.45454088 0.10710851
-0.09515178 -0.45445126 0.10714769
-0.14459822 0.14179888 0.10715631
-0.14447296 -0.01071433 0.10721564
0.15478137 0.24099077 0.10727430
-0.15478390 -0.33830160 0.10727946
-0.07052524 -0.46279198 0.10731623
-0.14426005 0.23400947 0.10731649
-0.14410633 0.27619198 0.10738929
0.14409053 -0.05184848 0.10739767
-0.08064716 0.45391583 0.10746557
-0.12528914 -0.46276560 0.10749689
0.14387378 -0.25389507 0.10750039
-0.05749284 -0.45377657 0.10753274
-0.07588924 0.45357576 0.10755615
0.14364249 0.14606170 0.10761000
-0.14362308 0.20701797 0.10761815
0.14361355 -0.31255898 0.10762373
-0.06041945 -0.45252872 0.10766234
0.13041127 0.45218992 0.10769890
-0.09726413 0.45178065 0.10774112
-0.12249740 0.45165050 0.10775454
0.15467587 0.16617788 0.10775992
-0.03018215 -0.45151761 0.10776629
-0.14330739 -0.36929065 0.10776769
-0.14328629 0.13357337 0.10777768
-0.13436264 -0.45106742 0.10780190
-0.15473357 0.17576014 0.10782117
0.00319811 0.45087796 0.10783415
0.13958427 -0.45072722 0.10786096
-0.15472499 -0.18168713 0.10791345
-0.14292011 0.08842998 0.10795111
-0.00743827 -0.44948000 0.10797577
-0.15471566 -0.33494326 0.10801399
-0.15468973 0.45409209 0.10804755
-0.01420202 -0.44841629 0.10808513
0.07947231 -0.44266611 0.10810032
-0.04832244 -0.44266436 0.10810032
0.11877116 -0.44247070 0.10810032
-0.06695752 -0.44111946 0.10810032
0.08455877 -0.44067279 0.10810032
0.06321316 -0.43822148 0.10810032
0.10179940 -0.43732744 0.10810032
-0.02164227 -0.43708193 0.10810032
-0.09795611 -0.43578035 0.10810032
0.01716046 -0.43567801 0.10810032
0.10934675 -0.43416700 0.10810032
-0.02348116 -0.43345258 0.10810032
0.10143346 -0.43196461 0.10810032
-0.09838382 -0.42999935 0.10810032
-0.01775885 -0.42960107 0.10810032
0.07693348 -0.42784929 0.10810032
-0.00528199 -0.42727005 0.10810032
0.06150820 -0.42628974 0.10810032
-0.08925997 -0.42591739 0.10810032
0.03971277 -0.42563635 0.10810032
0.00765732 -0.42538914 0.10810032
-0.04432627 -0.42369476 0.10810032
0.04169446 -0.42316499 0.10810032
-0.02946750 -0.42277279 0.10810032
0.02785557 -0.42143261 0.10810032
-0.13458455 -0.42128211 0.10810032
0.07546538 -0.42116958 0.10810032
-0.11698200 -0.42055038 0.10810032
-0.06937337 -0.41830423 0.10810032
-0.02079232 -0.41723967 0.10810032
0.03112196 -0.41703200 0.10810032
-0.03724353 -0.41471016 0.10810032
0.13209298 -0.41371554 0.10810032
0.12432934 -0.40932125 0.10810032
0.00406595 -0.40925908 0.10810032
-0.00205942 -0.40841338 0.10810032
-0.07638449 -0.40444881 0.10810032
0.03403269 -0.40096399 0.10810032
0.06532335 -0.40091830 0.10810032
-0.12953928 -0.40047467 0.10810032
0.04415093 -0.40027550 0.10810032
-0.00925492 -0.39955810 0.10810032
-0.09127044 -0.39772514 0.10810032
0.10082409 -0.39720529 0.10810032
0.11246211 -0.39649475 0.10810032
0.05705047 -0.39359424 0.10810032
0.04751678 -0.39242378 0.10810032
0.09834605 -0.39030764 0.10810032
0.00683222 -0.38971967 0.10810032
0.07356293 -0.38638180 0.10810032
-0.10814630 -0.38602045 0.10810032
-0.02018771 -0.38476613 0.10810032
0.06350722 -0.38377348 0.10810032
-0.00203018 -0.38236517 0.10810032
0.13520095 -0.38191134 0.10810032
-0.12269580 -0.38186920 0.10810032
-0.04431717 -0.37991512 0.10810032
0.07044300 -0.37934130 0.10810032
-0.04816217 -0.37724203 0.10810032
-0.10982216 -0.37651888 0.10810032
0.11816378 -0.37621212 0.10810032
-0.04686121 -0.37602428 0.10810032
0.12511814 -0.37410802 0.10810032
0.07645928 -0.37219512 0.10810032
0.07102097 -0.37181526 0.10810032
0.12192889 -0.36971879 0.10810032
-0.10622760 -0.36895025 0.10810032
-0.02241001 -0.36342412 0.10810032
0.12594324 -0.36246738 0.10810032
0.13642657 -0.36152232 0.10810032
0.01105874 -0.35873136 0.10810032
0.11036845 -0.35716668 0.10810032
0.08669186 -0.35532930 0.10810032
0.11262088 -0.35527915 0.10810032
0.06347974 -0.35512269 0.10810032
-0.06383174 -0.35480699 0.10810032
-0.12852654 -0.35378155 0.10810032
0.01054959 -0.35217911 0.10810032
-0.11061396 -0.34955540 0.10810032
-0.05685278 -0.34818292 0.10810032
-0.00916106 -0.34772226 0.10810032
-0.02899255 -0.34719476 0.10810032
0.06131880 -0.34553951 0.10810032
-0.10535236 -0.34229025 0.10810032
-0.06748892 -0.34164444 0.10810032
0.06049830 -0.33960119 0.10810032
-0.02010161 -0.33605897 0.10810032
0.07691490 -0.33446589 0.10810032
-0.03683735 -0.33214411 0.10810032
-0.07283124 -0.33185840 0.10810032
0.06388947 -0.33041340 0.10810032
-0.04186469 -0.32767868 0.10810032
0.01638262 -0.32697532 0.10810032
-0.11596292 -0.32610744 0.10810032
0.10569897 -0.32487625 0.10810032
0.03141994 -0.32401237 0.10810032
-0.11283525 -0.32352233 0.10810032
0.10773280 -0.32143441 0.10810032
0.07406790 -0.32137167 0.10810032
-0.01247296 -0.32122856 0.10810032
0.05620847 -0.32102498 0.10810032
0.06455147 -0.31804925 0.10810032
-0.08330064 -0.31530821 0.10810032
-0.06358726 -0.31495607 0.10810032
0.12086318 -0.31193405 0.10810032
0.03865149 -0.31036094 0.10810032
0.05292137 -0.30811754 0.10810032
-0.09794298 -0.30759361 0.10810032
0.10311206 -0.30573133 0.10810032
0.11048672 -0.30435473 0.10810032
-0.11641484 -0.30411339 0.10810032
-0.09328916 -0.30344608 0.10810032
-0.00778751 -0.30322629 0.10810032
0.01997438 -0.30236369 0.10810032
-0.13670143 -0.29988843 0.10810032
-0.01307246 -0.29916629 0.10810032
0.13315329 -0.29787055 0.10810032
0.04755018 -0.29751790 0.10810032
-0.00801534 -0.29627568 0.10810032
0.01860921 -0.29511103 0.10810032
-0.09712899 -0.29451406 0.10810032
0.12363038 -0.29154113 0.10810032
-0.08942813 -0.29151890 0.10810032
-0.12625888 -0.29095504 0.10810032
0.04260235 -0.29064718 0.10810032
0.02193198 -0.29057604 0.10810032
0.11984889 -0.28828070 0.10810032
-0.02225471 -0.28706816 0.10810032
0.04730114 -0.28592598 0.10810032
0.08213904 -0.28555089 0.10810032
-0.10379424 -0.28472614 0.10810032
0.13161311 -0.28291827 0.10810032
0.04081252 -0.28222951 0.10810032
0.07663489 -0.28190228 0.10810032
-0.12797144 -0.28157869 0.10810032
0.02284339 -0.28144526 0.10810032
-0.12408703 -0.27930668 0.10810032
0.08622204 -0.27536875 0.10810032
0.12711954 -0.27479202 0.10810032
0.01414909 -0.27465963 0.10810032
-0.06657121 -0.27374217 0.10810032
-0.04632844 -0.27249226 0.10810032
0.05871776 -0.27124888 0.10810032
0.02252646 -0.26940954 0.10810032
-0.03480449 -0.26739538 0.10810032
-0.04579613 -0.26667911 0.10810032
-0.04168490 -0.26652837 0.10810032
0.09807004 -0.26496840 0.10810032
-0.08139136 -0.26402387 0.10810032
0.00041104 -0.26387930 0.10810032
-0.07623363 -0.25902751 0.10810032
0.06148353 -0.25881776 0.10810032
0.07964321 -0.25866097 0.10810032
-0.11520713 -0.25483671 0.10810032
-0.02847734 -0.25426430 0.10810032
0.09268780 -0.25363591 0.10810032
-0.09522174 -0.25239754 0.10810032
0.11933779 -0.25237319 0.10810032
-0.08964390 -0.25030056 0.10810032
0.12168198 -0.24827953 0.10810032
-0.01099840 -0.24744675 0.10810032
0.03682845 -0.24576202 0.10810032
-0.12168901 -0.24560532 0.10810032
0.10845712 -0.24533957 0.10810032
-0.04836745 -0.24336836 0.10810032
-0.12111159 -0.24279687 0.10810032
-0.08151385 -0.24042764 0.10810032
-0.05416884 -0.23704153 0.10810032
0.12568510 -0.23351838 0.10810032
-0.11837305 -0.23257096 0.10810032
-0.01669041 -0.23083229 0.10810032
0.07038425 -0.23072983 0.10810032
0.02940278 -0.23049524 0.10810032
-0.13513231 -0.23010856 0.10810032
-0.06794559 -0.22899015 0.10810032
-0.12031535 -0.22300011 0.10810032
-0.07199485 -0.22254992 0.10810032
-0.13246417 -0.22140025 0.10810032
0.02087843 -0.22122867 0.10810032
0.05930340 -0.21949790 0.10810032
-0.04962282 -0.21856639 0.10810032
-0.07494859 -0.21425064 0.10810032
0.02273257 -0.21389163 0.10810032
0.08718607 -0.21158510 0.10810032
0.00665829 -0.21054769 0.10810032
0.00582739 -0.20831539 0.10810032
-0.08533622 -0.20721760 0.10810032
-0.11778507 -0.20614809 0.10810032
-0.10669212 -0.20593305 0.10810032
-0.03961372 -0.20345825 0.10810032
-0.08961991 -0.20059922 0.10810032
0.07351528 -0.19922447 0.10810032
-0.13667586 -0.19800431 0.10810032
0.00070735 -0.18768416 0.10810032
-0.00930515 -0.18719178 0.10810032
-0.04048750 -0.18618542 0.10810032
-0.06748636 -0.18609460 0.10810032
-0.09032368 -0.18530785 0.10810032
0.07441006 -0.18375778 0.10810032
-0.05903727 -0.18333946 0.10810032
-0.04817636 -0.18232946 0.10810032
0.09071394 -0.18128383 0.10810032
-0.08337912 -0.18103407 0.10810032
0.01050485 -0.18057743 0.10810032
-0.04407891 -0.17863791 0.10810032
-0.06939084 -0.17573152 0.10810032
0.09105709 -0.17489502 0.10810032
-0.08297158 -0.17399007 0.10810032
-0.02979010 -0.17210571 0.10810032
-0.12774014 -0.17020378 0.10810032
0.06945190 -0.16887729 0.10810032
0.02888472 -0.16827418 0.10810032
0.04988486 -0.16739325 0.10810032
0.13677394 -0.16634430 0.10810032
-0.11144113 -0.16386519 0.10810032
-0.09142500 -0.16107760 0.10810032
0.11672413 -0.16076894 0.10810032
0.01834001 -0.16016346 0.10810032
0.01769335 -0.15860197 0.10810032
-0.08279190 -0.15181676 0.10810032
-0.08597155 -0.15180141 0.10810032
0.06778480 -0.14842843 0.10810032
0.07870460 -0.14822228 0.10810032
0.05508889 -0.14816450 0.10810032
-0.04018919 -0.14732677 0.10810032
0.03795988 -0.14640306 0.10810032
0.00990512 -0.14085054 0.10810032
-0.11452220 -0.13471706 0.10810032
0.07345532 -0.13198680 0.10810032
-0.11925340 -0.12863742 0.10810032
0.05849655 -0.12861651 0.10810032
0.01914432 -0.12734845 0.10810032
0.10428248 -0.12566926 0.10810032
0.05471995 -0.12539594 0.10810032
-0.07953443 -0.12529261 0.10810032
-0.00847529 -0.12444072 0.10810032
-0.03028336 -0.12429956 0.10810032
0.12325780 -0.12219029 0.10810032
0.05184375 -0.11936953 0.10810032
-0.01473039 -0.11835954 0.10810032
-0.12271294 -0.11781777 0.10810032
-0.07385173 -0.11558342 0.10810032
-0.10930239 -0.11194468 0.10810032
-0.12988994 -0.10698149 0.10810032
-0.05258853 -0.10452570 0.10810032
0.13395086 -0.10432444 0.10810032
0.02687131 -0.10297438 0.10810032
-0.12074172 -0.10290604 0.10810032
0.10426223 -0.10174964 0.10810032
-0.12991616 -0.10173646 0.10810032
-0.06005118 -0.10151288 0.10810032
-0.10837411 -0.10045789 0.10810032
0.07305732 -0.10015880 0.10810032
0.01299661 -0.10006434 0.10810032
0.01790596 -0.09843000 0.10810032
0.02056852 -0.09841167 0.10810032
-0.11570114 -0.09817906 0.10810032
0.06960158 -0.09810934 0.10810032
0.07426483 -0.09720490 0.10810032
-0.04561542 -0.09646896 0.10810032
-0.02610550 -0.09575894 0.10810032
0.10595823 -0.09450813 0.10810032
-0.10183929 -0.09357671 0.10810032
0.11560790 -0.09128226 0.10810032
0.11775498 -0.09089985 0.10810032
-0.11142669 -0.09029929 0.10810032
0.04881583 -0.08939051 0.10810032
0.02247828 -0.08901250 0.10810032
-0.10384332 -0.08845933 0.10810032
-0.13269046 -0.08796512 0.10810032
-0.03586493 -0.08768385 0.10810032
-0.09685808 -0.08473487 0.10810032
0.13392478 -0.08442663 0.10810032
-0.03837034 -0.08250902 0.10810032
0.05843834 -0.08213962 0.10810032
-0.10915428 -0.08160422 0.10810032
-0.08684616 -0.07960799 0.10810032
0.01957447 -0.07870941 0.10810032
0.03036392 -0.07846662 0.10810032
0.11233176 -0.07707961 0.10810032
0.12154790 -0.07564817 0.10810032
-0.02155917 -0.07537942 0.10810032
0.10041507 -0.07475665 0.10810032
0.08461042 -0.07403446 0.10810032
-0.05063613 -0.07383554 0.10810032
-0.09197670 -0.07253455 0.10810032
-0.11580836 -0.07237164 0.10810032
-0.03065910 -0.07094344 0.10810032
-0.00921776 -0.07002286 0.10810032
0.08501896 -0.07001787 0.10810032
0.02723954 -0.06788130 0.10810032
0.03498538 -0.06763772 0.10810032
0.11997652 -0.06468879 0.10810032
0.13174158 -0.06449199 0.10810032
0.03109356 -0.06317879 0.10810032
-0.13041273 -0.06174019 0.10810032
-0.08726119 -0.05656745 0.10810032
0.03257865 -0.05625447 0.10810032
0.08914318 -0.05469175 0.10810032
-0.03724927 -0.05391428 0.10810032
0.08573306 -0.05231949 0.10810032
-0.07179882 -0.05149624 0.10810032
-0.03265738 -0.04845151 0.10810032
0.01093048 -0.04781163 0.10810032
-0.03274624 -0.04773521 0.10810032
-0.08066694 -0.04734604 0.10810032
0.12314915 -0.04728817 0.10810032
0.01945743 -0.04587590 0.10810032
-0.07374852 -0.04436023 0.10810032
-0.08205537 -0.04214174 0.10810032
0.11967831 -0.04187975 0.10810032
0.07590470 -0.04153362 0.10810032
0.13298690 -0.04087186 0.10810032
0.01101022 -0.04002607 0.10810032
-0.00677606 -0.03819601 0.10810032
-0.03524867 -0.03814601 0.10810032
-0.07932384 -0.03497966 0.10810032
-0.00936367 -0.02911923 0.10810032
-0.12508327 -0.02909254 0.10810032
0.10814249 -0.02566868 0.10810032
-0.03919841 -0.02312147 0.10810032
0.04407232 -0.02149192 0.10810032
0.11519188 -0.02029540 0.10810032
-0.04752425 -0.01929377 0.10810032
0.05880132 -0.01823032 0.10810032
0.10833018 -0.01777138 0.10810032
0.03200918 -0.01737787 0.10810032
-0.11923485 -0.01720371 0.10810032
-0.06224626 -0.01599619 0.10810032
-0.10146549 -0.01567906 0.10810032
0.05114095 -0.01327524 0.10810032
0.01523932 -0.01237525 0.10810032
0.04424092 -0.01216397 0.10810032
0.08479840 -0.01138760 0.10810032
0.06348290 -0.01037302 0.10810032
-0.00560748 -0.00731946 0.10810032
-0.02614985 -0.00633701 0.10810032
0.08540810 -0.00491316 0.10810032
0.04678933 -0.00471098 0.10810032
-0.12708318 -0.00433921 0.10810032
-0.05933043 -0.00379347 0.10810032
0.10974684 -0.00321459 0.10810032
-0.00196381 -0.00294860 0.10810032
-0.11582536 -0.00086011 0.10810032
-0.02843469 -0.00079930 0.10810032
-0.06764229 0.00086656 0.10810032
-0.06429034 0.00129745 0.10810032
-0.06963184 0.00268670 0.10810032
0.12735224 0.00462082 0.10810032
-0.03006675 0.00494618 0.10810032
-0.10097183 0.00688945 0.10810032
-0.03526594 0.00775785 0.10810032
0.03673943 0.00808897 0.10810032
-0.07618486 0.01260457 0.10810032
0.03037917 0.01425781 0.10810032
0.02531907 0.01491614 0.10810032
0.11432384 0.01673816 0.10810032
-0.06895522 0.01759643 0.10810032
-0.07492351 0.01868839 0.10810032
0.12852171 0.02061217 0.10810032
-0.05164113 0.02086232 0.10810032
0.10114321 0.02168845 0.10810032
-0.07586408 0.02196060 0.10810032
0.06989849 0.02226323 0.10810032
0.07646846 0.02562562 0.10810032
-0.02982486 0.02774539 0.10810032
0.05264897 0.03084263 0.10810032
0.07698363 0.03123288 0.10810032
0.06270321 0.03129144 0.10810032
-0.09009524 0.03250781 0.10810032
0.08856313 0.03295565 0.10810032
-0.01564831 0.03500673 0.10810032
0.05070963 0.03735509 0.10810032
-0.08133569 0.03823745 0.10810032
0.10203174 0.03827214 0.10810032
-0.06045062 0.03915680 0.10810032
-0.00124548 0.04040042 0.10810032
0.05370354 0.04137034 0.10810032
0.11226083 0.04195415 0.10810032
0.09702551 0.04378757 0.10810032
0.13555193 0.04483677 0.10810032
-0.10691324 0.04494313 0.10810032
-0.03277650 0.04584848 0.10810032
0.13070884 0.04623308 0.10810032
0.00964152 0.04851663 0.10810032
0.03564619 0.04900204 0.10810032
0.09179650 0.05144002 0.10810032
0.06811425 0.05158320 0.10810032
0.03099711 0.05171787 0.10810032
0.08543803 0.05172028 0.10810032
-0.08372773 0.05231483 0.10810032
-0.03892540 0.05623558 0.10810032
-0.02616377 0.05671562 0.10810032
0.11624660 0.05842539 0.10810032
0.13008684 0.05845768 0.10810032
-0.12632608 0.05985637 0.10810032
-0.07627947 0.06098988 0.10810032
-0.09277407 0.06258009 0.10810032
-0.01398621 0.06301133 0.10810032
0.10942340 0.06476615 0.10810032
-0.05850415 0.06612135 0.10810032
-0.01930764 0.06827749 0.10810032
0.05350325 0.06852068 0.10810032
-0.12849948 0.06913624 0.10810032
0.04120391 0.06936556 0.10810032
-0.10626254 0.06978885 0.10810032
-0.06632153 0.06984170 0.10810032
-0.09147415 0.07022461 0.10810032
-0.05224056 0.07092389 0.10810032
-0.11334395 0.07247674 0.10810032
0.09338786 0.07312375 0.10810032
0.00249964 0.07578345 0.10810032
0.03064504 0.07793635 0.10810032
0.01772741 0.07843835 0.10810032
-0.00382271 0.07864520 0.10810032
0.09230350 0.07940494 0.10810032
0.00565518 0.07980410 0.10810032
-0.13051999 0.08004377 0.10810032
0.13207608 0.08465914 0.10810032
0.08674619 0.08530686 0.10810032
0.01157653 0.08668701 0.10810032
-0.11485735 0.08760256 0.10810032
-0.06177978 0.08794905 0.10810032
-0.02867538 0.08808818 0.10810032
0.01056426 0.09046765 0.10810032
-0.04972949 0.09157606 0.10810032
0.07300549 0.09384170 0.10810032
-0.04244445 0.09400366 0.10810032
0.02705254 0.09619732 0.10810032
0.05660494 0.09798754 0.10810032
0.06637403 0.09858935 0.10810032
0.07762409 0.09961814 0.10810032
0.05506532 0.10045110 0.10810032
0.10663949 0.10191696 0.10810032
0.07810017 0.10332470 0.10810032
-0.02528690 0.10383682 0.10810032
-0.09806241 0.10512033 0.10810032
0.06601790 0.10598024 0.10810032
0.09347698 0.10844903 0.10810032
-0.07849765 0.11075550 0.10810032
-0.12994805 0.11113716 0.10810032
0.03531351 0.11142249 0.10810032
0.12333038 0.11211046 0.10810032
0.08548816 0.11446831 0.10810032
0.06057145 0.11660755 0.10810032
0.04737877 0.11792269 0.10810032
-0.10084884 0.11831418 0.10810032
0.08712199 0.11844478 0.10810032
-0.01478217 0.11914130 0.10810032
0.05893880 0.12294967 0.10810032
0.11305364 0.12462796 0.10810032
0.05625579 0.12728237 0.10810032
-0.06881129 0.13112651 0.10810032
0.05292723 0.13316885 0.10810032
-0.12796152 0.13454680 0.10810032
-0.13524738 0.13762298 0.10810032
-0.04205071 0.13825074 0.10810032
-0.00977919 0.13945003 0.10810032
-0.07580711 0.13983083 0.10810032
-0.03850354 0.14053883 0.10810032
-0.08311052 0.14142121 0.10810032
-0.06646037 0.14389750 0.10810032
-0.13124856 0.14408861 0.10810032
0.05407477 0.14477070 0.10810032
0.03951177 0.14497122 0.10810032
-0.07705543 0.14499927 0.10810032
-0.10460538 0.14551610 0.10810032
-0.00020360 0.14821899 0.10810032
-0.12844947 0.14950381 0.10810032
-0.11193968 0.15016927 0.10810032
-0.01903608 0.15031295 0.10810032
-0.10072853 0.15377830 0.10810032
-0.05288083 0.15723963 0.10810032
-0.06805617 0.15998347 0.10810032
-0.01732860 0.16039345 0.10810032
-0.13284120 0.16098404 0.10810032
0.02979303 0.16099431 0.10810032
0.00038223 0.16137260 0.10810032
0.05632390 0.16463675 0.10810032
0.12194415 0.16570897 0.10810032
-0.07158256 0.16573569 0.10810032
0.12821594 0.16607614 0.10810032
0.09738896 0.16728300 0.10810032
-0.00536441 0.16787805 0.10810032
-0.06740558 0.16825709 0.10810032
0.12683377 0.16831684 0.10810032
0.05443174 0.17098118 0.10810032
0.05339626 0.17156330 0.10810032
0.08091103 0.17171960 0.10810032
-0.05082157 0.17272668 0.10810032
0.01949260 0.17278811 0.10810032
0.00917470 0.17440608 0.10810032
-0.04134781 0.17541450 0.10810032
-0.02133837 0.17624405 0.10810032
-0.06839488 0.17625444 0.10810032
-0.03008243 0.17802595 0.10810032
-0.05066395 0.17941791 0.10810032
0.03584636 0.17946410 0.10810032
0.08101433 0.18120325 0.10810032
0.06340437 0.18152831 0.10810032
-0.04798710 0.18501994 0.10810032
-0.09376502 0.18743980 0.10810032
-0.01137653 0.18886189 0.10810032
0.08957949 0.19186977 0.10810032
-0.01654222 0.19255738 0.10810032
-0.08794197 0.19751963 0.10810032
-0.11194885 0.19771676 0.10810032
0.04271359 0.19928317 0.10810032
-0.00873085 0.19980863 0.10810032
0.10885664 0.20057075 0.10810032
-0.05059201 0.20156109 0.10810032
-0.11346510 0.20203331 0.10810032
-0.06249795 0.20226201 0.10810032
-0.02394159 0.20457676 0.10810032
-0.11824498 0.20497985 0.10810032
-0.01203541 0.20581804 0.10810032
-0.13729891 0.20626111 0.10810032
-0.09656732 0.20672533 0.10810032
0.04045703 0.20723818 0.10810032
-0.05230310 0.20839573 0.10810032
-0.02786700 0.20884916 0.10810032
0.01258516 0.20924278 0.10810032
0.08351538 0.20954014 0.10810032
-0.08640116 0.20995513 0.10810032
-0.06973991 0.21030229 0.10810032
-0.12797606 0.21155988 0.10810032
-0.02803439 0.21188971 0.10810032
0.09337702 0.21261907 0.10810032
-0.03899677 0.21311931 0.10810032
-0.12158371 0.21557525 0.10810032
0.11642260 0.21620873 0.10810032
0.08203617 0.21893401 0.10810032
0.02335475 0.21921933 0.10810032
0.04795557 0.21934412 0.10810032
-0.05417854 0.22119497 0.10810032
0.06720958 0.22149348 0.10810032
-0.11443505 0.22183089 0.10810032
-0.07177678 0.22303192 0.10810032
-0.06074104 0.22360276 0.10810032
-0.09977828 0.22381905 0.10810032
0.04908347 0.22601289 0.10810032
-0.05926380 0.22606367 0.10810032
0.03107063 0.22843210 0.10810032
-0.12441778 0.23586227 0.10810032
-0.09254725 0.23816292 0.10810032
-0.06113852 0.23908275 0.10810032
0.09671104 0.23950684 0.10810032
-0.02988531 0.24004246 0.10810032
0.05412860 0.24151430 0.10810032
0.00442470 0.24370614 0.10810032
0.04781874 0.24386455 0.10810032
-0.11857603 0.24819632 0.10810032
0.03823610 0.24855560 0.10810032
-0.00284072 0.25024116 0.10810032
-0.13364041 0.25254339 0.10810032
0.02850673 0.25474924 0.10810032
-0.02979491 0.25657201 0.10810032
0.07943875 0.25675538 0.10810032
-0.05793461 0.25732306 0.10810032
0.04944871 0.25744560 0.10810032
-0.10609798 0.25786036 0.10810032
0.13020808 0.25966713 0.10810032
-0.07157052 0.25997928 0.10810032
-0.06395306 0.26046011 0.10810032
-0.05635193 0.26326561 0.10810032
0.01989892 0.26476893 0.10810032
-0.03148376 0.26526693 0.10810032
-0.05851123 0.26561502 0.10810032
-0.04467154 0.26766914 0.10810032
-0.11729425 0.26807466 0.10810032
0.11250083 0.26831529 0.10810032
-0.02973195 0.27115414 0.10810032
0.06630850 0.27145013 0.10810032
-0.00978914 0.27331153 0.10810032
-0.07496687 0.27617714 0.10810032
-0.13619161 0.27696866 0.10810032
0.00596316 0.27742729 0.10810032
0.04458609 0.27751729 0.10810032
-0.13435325 0.27792242 0.10810032
-0.05542984 0.28252661 0.10810032
0.00296119 0.28276023 0.10810032
0.08920002 0.28378922 0.10810032
-0.00522961 0.28467944 0.10810032
-0.05286187 0.28761345 0.10810032
-0.00814834 0.28832564 0.10810032
-0.00100449 0.28902274 0.10810032
0.07929387 0.28957409 0.10810032
0.06132215 0.28979787 0.10810032
0.02280715 0.29123816 0.10810032
-0.04881014 0.29195935 0.10810032
0.09604792 0.29403585 0.10810032
0.05236603 0.29692763 0.10810032
-0.11705287 0.29784212 0.10810032
0.07566184 0.30019706 0.10810032
-0.07284456 0.30050117 0.10810032
0.06428728 0.30364746 0.10810032
0.11642769 0.30401596 0.10810032
0.04097550 0.30575413 0.10810032
0.08567404 0.30694687 0.10810032
0.08360395 0.30828601 0.10810032
0.03027586 0.31115967 0.10810032
-0.07040397 0.31229249 0.10810032
-0.08985617 0.31301498 0.10810032
0.03617041 0.31366894 0.10810032
0.05706842 0.31517991 0.10810032
0.06191538 0.31587043 0.10810032
-0.07162013 0.31613553 0.10810032
-0.10710557 0.31874520 0.10810032
-0.08138956 0.31994978 0.10810032
0.05947135 0.32014123 0.10810032
0.04567612 0.32019553 0.10810032
-0.07650897 0.32024750 0.10810032
-0.09147200 0.32157847 0.10810032
-0.00827464 0.32327533 0.10810032
0.03524046 0.32701117 0.10810032
0.03135677 0.32712227 0.10810032
0.10263284 0.32753366 0.10810032
0.08266821 0.32772800 0.10810032
0.08125545 0.32794374 0.10810032
-0.01094133 0.32843924 0.10810032
0.13211292 0.33145952 0.10810032
0.06330343 0.33170351 0.10810032
-0.12075339 0.33803955 0.10810032
0.05792005 0.33835545 0.10810032
-0.07162095 0.33900723 0.10810032
-0.02589808 0.33940533 0.10810032
0.02363323 0.34346524 0.10810032
0.10898390 0.34587219 0.10810032
-0.10633589 0.34622851 0.10810032
0.11750919 0.34674379 0.10810032
0.05643982 0.34721401 0.10810032
0.08988965 0.34958023 0.10810032
0.08196838 0.34985843 0.10810032
0.11623754 0.35022035 0.10810032
-0.02461897 0.35086256 0.10810032
-0.09138932 0.35131624 0.10810032
0.00684277 0.35233924 0.10810032
0.02627777 0.35327056 0.10810032
0.01282749 0.35412538 0.10810032
0.05160291 0.35674933 0.10810032
-0.10860528 0.35869896 0.10810032
-0.02960021 0.35891250 0.10810032
-0.09133627 0.36185265 0.10810032
-0.00630172 0.36199459 0.10810032
0.05392205 0.36280969 0.10810032
-0.12233122 0.36371270 0.10810032
-0.05695441 0.36380652 0.10810032
-0.11670402 0.36652079 0.10810032
-0.08419039 0.36694860 0.10810032
-0.08828633 0.36826789 0.10810032
-0.11432040 0.37220448 0.10810032
-0.06880440 0.37408674 0.10810032
0.08234259 0.37532485 0.10810032
0.03848868 0.37764928 0.10810032
0.01848150 0.37781647 0.10810032
0.06501517 0.37941477 0.10810032
-0.08970607 0.38115558 0.10810032
0.04707673 0.38212213 0.10810032
-0.06396601 0.38270476 0.10810032
0.13641596 0.38399065 0.10810032
-0.00412655 0.38446683 0.10810032
-0.11968866 0.38529825 0.10810032
0.03621287 0.38628271 0.10810032
-0.01237139 0.38861933 0.10810032
-0.08166441 0.38931480 0.10810032
-0.13115299 0.39078951 0.10810032
-0.03281930 0.39227709 0.10810032
0.01552910 0.39376798 0.10810032
0.03766833 0.39515838 0.10810032
-0.04249786 0.39527982 0.10810032
0.06083324 0.39561021 0.10810032
0.01506220 0.39615011 0.10810032
0.07959855 0.39701322 0.10810032
-0.06062095 0.39786866 0.10810032
-0.12019005 0.39852697 0.10810032
0.01152314 0.39900252 0.10810032
-0.00449993 0.39961806 0.10810032
0.03887247 0.40103608 0.10810032
-0.07093516 0.40218982 0.10810032
0.06176441 0.40227824 0.10810032
0.07580063 0.40333173 0.10810032
0.06888413 0.40356371 0.10810032
0.08527765 0.40399143 0.10810032
-0.03705255 0.40735844 0.10810032
-0.12835234 0.41016552 0.10810032
-0.03629429 0.41029519 0.10810032
0.08769035 0.41082308 0.10810032
-0.00773620 0.41384077 0.10810032
0.05003724 0.41411880 0.10810032
0.09925503 0.41437453 0.10810032
-0.06688782 0.41522935 0.10810032
-0.04227130 0.41527906 0.10810032
0.05356945 0.41819680 0.10810032
-0.07074337 0.41827467 0.10810032
0.07030138 0.41895589 0.10810032
0.13125807 0.42055634 0.10810032
-0.10500690 0.42443192 0.10810032
-0.11360321 0.42661417 0.10810032
-0.11714115 0.43113771 0.10810032
0.08429913 0.43160704 0.10810032
-0.01950853 0.43223226 0.10810032
0.13563156 0.43373719 0.10810032
-0.10627551 0.43498656 0.10810032
-0.04235496 0.43586743 0.10810032
0.09634263 0.44113123 0.10810032
-0.06433851 0.44194090 0.10810032
-0.11337242 0.44245306 0.10810032
-0.04571513 -0.44357669 0.10810040
0.00137029 -0.44370216 0.10810043
0.09763686 0.44437292 0.10810056
-0.12552789 0.44515297 0.10810070
0.08272521 0.44603637 0.10810088
0.00671920 0.44616407 0.10810091
0.06897300 0.44689921 0.10810105
0.13767266 0.43402269 0.10810109
-0.10460554 -0.44763723 0.10810120
-0.12736589 0.44784939 0.10810123
0.13828856 -0.01760952 0.10810492
0.13855591 -0.06158179 0.10810658
-0.13896599 -0.14185730 0.10810945
-0.13919586 -0.31693503 0.10811092
-0.13937858 -0.36308658 0.10811209
-0.13956141 0.24050421 0.10811326
-0.13962072 0.11537287 0.10811364
-0.13962939 0.06393575 0.10811370
0.13983014 0.35075769 0.10811449
-0.13993594 -0.16905127 0.10811566
0.14004570 -0.05647405 0.10811583
0.14010006 0.00674364 0.10811616
-0.14018247 -0.33886164 0.10811724
-0.14051753 0.10193674 0.10811938
-0.14066079 0.41816348 0.10812031
0.14084855 -0.19939184 0.10812081
-0.14083087 -0.08886342 0.10812140
-0.14087871 0.12332494 0.10812170
0.14130753 -0.04498300 0.10812366
-0.14136577 -0.02821171 0.10812482
0.14167762 -0.39799055 0.10812595
-0.14154419 -0.40271848 0.10812596
0.14180496 0.41336426 0.10812674
0.14189428 0.31124270 0.10812730
-0.14208442 0.32778120 0.10812943
0.14240268 0.41808221 0.10813046
-0.09033527 0.46264780 0.10839485
0.15478548 -0.25537822 0.10860220
-0.15466025 0.41502166 0.10861043
-0.15464908 -0.21490373 0.10873064
-0.15463591 -0.27859649 0.10887259
0.15476790 0.43251058 0.10898566
0.15443793 0.26390958 0.10904836
-0.15461114 0.12834972 0.10913911
-0.15450135 -0.45704839 0.10918162
0.15463004 -0.42852953 0.10936207
0.05403776 -0.46248028 0.10945289
0.15424255 0.09668300 0.10951649
0.15452635 -0.43523335 0.10964671
0.15451208 -0.08180461 0.10968585
0.15451121 -0.22491276 0.10968825
-0.15452358 -0.32314065 0.10971577
0.15444884 -0.38562593 0.10985944
-0.15445471 0.24740428 0.10990831
-0.15442932 -0.41141489 0.10997934
0.01818703 -0.46239305 0.11005085
0.15435675 -0.06154206 0.11011223
0.15435603 -0.31725046 0.11011422
-0.15432969 -0.25615245 0.11025792
-0.15432289 0.05327082 0.11027692
-0.15431777 0.26858154 0.11029124
-0.15431470 -0.31013763 0.11029985
0.15440807 0.38225687 0.11031260
-0.03438170 -0.46235365 0.11032096
-0.15429091 -0.00326690 0.11036635
-0.15420350 0.15705538 0.11061081
0.15386999 0.21737590 0.11061441
-0.15419173 0.41033885 0.11064377
0.05030573 -0.46218720 0.11073043
-0.15404862 -0.37333134 0.11104394
0.11392990 0.46190825 0.11111431
-0.15400127 -0.35680640 0.11117637
-0.15399736 0.21468297 0.11118726
-0.15398410 0.19831990 0.11122436
0.15390113 -0.21396211 0.11126357
0.15358567 0.21853125 0.11132102
0.03330564 -0.46174428 0.11134093
-0.15384516 0.33884785 0.11152681
-0.15385062 0.37295046 0.11159765
-0.15380931 -0.19517174 0.11171313
-0.15380526 -0.25145355 0.11172448
0.15305454 -0.20767555 0.11173472
-0.15379095 0.14936988 0.11175866
0.04306213 -0.46136305 0.11186643
-0.15344563 0.14374474 0.11193950
-0.15339687 -0.13522945 0.11196502
-0.13528627 0.46128786 0.11197339
0.15257409 0.31333768 0.11198930
-0.15333670 -0.15254594 0.11199652
-0.15332013 -0.35052153 0.11200521
0.15217590 0.04852469 0.11203015
-0.15323070 0.21694034 0.11205203
-0.15313882 0.11366173 0.11210015
-0.15303892 0.23012342 0.11215246
-0.00536344 -0.38852173 0.11219838
0.00571709 0.18760990 0.11219845
-0.00595091 -0.25803277 0.11219849
0.00607774 0.37693402 0.11219852
0.10849284 0.44658530 0.11219867
0.13047534 0.44432223 0.11219872
0.05002285 0.20014003 0.11219879
0.09426787 0.33361316 0.11219881
0.10474225 0.44574234 0.11219883
-0.05487119 -0.19517025 0.11219887
-0.01754567 -0.08494519 0.11219888
-0.00851191 -0.26473197 0.11219900
0.05667549 0.21994662 0.11219908
-0.13366500 -0.43504661 0.11219909
0.06479350 0.24742934 0.11219918
-0.05602261 -0.44383419 0.11219920
-0.08149806 -0.44375116 0.11219922
0.00981182 0.33945054 0.11219925
0.01004013 0.40126836 0.11219930
-0.01503454 -0.44269314 0.11219933
-0.01739968 -0.44148815 0.11219933
-0.06615169 -0.43524048 0.11219933
-0.03004025 -0.43471432 0.11219933
-0.11084276 -0.43218827 0.11219933
-0.05786639 -0.43023190 0.11219933
-0.07196928 -0.42692605 0.11219933
-0.08298101 -0.42500579 0.11219933
-0.05996204 -0.42029196 0.11219933
-0.02910863 -0.42001539 0.11219933
-0.04608730 -0.41980773 0.11219933
-0.05353359 -0.40711081 0.11219933
-0.11151362 -0.40494049 0.11219933
-0.03114322 -0.40417990 0.11219933
-0.02071474 -0.40114629 0.11219933
-0.07385452 -0.39887804 0.11219933
-0.04064265 -0.39725471 0.11219933
-0.09629703 -0.39719167 0.11219933
-0.03180512 -0.39368448 0.11219933
-0.10905468 -0.39324594 0.11219933
-0.11658739 -0.39011726 0.11219933
-0.04722613 -0.38872349 0.11219933
-0.11175417 -0.38390508 0.11219933
-0.02313141 -0.38339591 0.11219933
-0.02391365 -0.37221605 0.11219933
-0.10405347 -0.37157363 0.11219933
-0.06294554 -0.36753824 0.11219933
-0.03383529 -0.36664435 0.11219933
-0.03835998 -0.36331213 0.11219933
-0.08606500 -0.35398054 0.11219933
-0.09055750 -0.35087740 0.11219933
-0.03469823 -0.34832972 0.11219933
-0.09565172 -0.34573489 0.11219933
-0.08994526 -0.33527374 0.11219933
-0.04146865 -0.33203387 0.11219933
-0.07898017 -0.32737419 0.11219933
-0.01692668 -0.32442343 0.11219933
-0.03680274 -0.32067999 0.11219933
-0.03994604 -0.31994843 0.11219933
-0.01133912 -0.31756783 0.11219933
-0.05573805 -0.31360218 0.11219933
-0.08922911 -0.31329620 0.11219933
-0.08337756 -0.30718052 0.11219933
-0.01743823 -0.30645329 0.11219933
-0.02287884 -0.30513930 0.11219933
-0.02865718 -0.27714697 0.11219933
-0.07503176 -0.26719970 0.11219933
-0.01698283 -0.26249072 0.11219933
-0.02295349 -0.25867248 0.11219933
-0.03117726 -0.25641227 0.11219933
-0.06491635 -0.25527430 0.11219933
-0.02528791 -0.25434890 0.11219933
-0.04709202 -0.24120194 0.11219933
-0.02645706 -0.23930703 0.11219933
-0.04467942 -0.21016105 0.11219933
-0.01737342 -0.18793097 0.11219933
-0.01756691 -0.17837697 0.11219933
-0.03243632 -0.17252678 0.11219933
-0.01808929 -0.16997389 0.11219933
-0.03753129 -0.16408615 0.11219933
-0.03848235 -0.16028656 0.11219933
-0.02333922 -0.16011657 0.11219933
-0.01187677 -0.14925343 0.11219933
-0.03205398 -0.14614114 0.11219933
-0.02701072 -0.14442463 0.11219933
-0.01524839 -0.11240304 0.11219933
0.01518814 0.11997613 0.11219933
0.02141776 0.12801629 0.11219933
0.01513850 0.13515244 0.11219933
0.01479535 0.16118449 0.11219933
0.01590397 0.16715197 0.11219933
0.03189829 0.20242248 0.11219933
0.04868954 0.21403128 0.11219933
0.05472472 0.23383382 0.11219933
0.06068767 0.24139056 0.11219933
0.02794628 0.24217881 0.11219933
0.05174513 0.24947682 0.11219933
0.02973792 0.25071028 0.11219933
0.01375285 0.25698209 0.11219933
0.02088676 0.25737432 0.11219933
0.03499562 0.26694226 0.11219933
0.01416792 0.27361318 0.11219933
0.07025338 0.27453947 0.11219933
0.03582927 0.27559015 0.11219933
0.06263844 0.27862266 0.11219933
0.07317992 0.30107135 0.11219933
0.03598277 0.30193594 0.11219933
0.05219241 0.30297518 0.11219933
0.08068428 0.30528241 0.11219933
0.07401211 0.30635819 0.11219933
0.06922639 0.30937064 0.11219933
0.03382903 0.31132621 0.11219933
0.06989583 0.31237128 0.11219933
0.01712031 0.31589830 0.11219933
0.07706948 0.31833667 0.11219933
0.06261803 0.32192352 0.11219933
0.02574772 0.32314023 0.11219933
0.07921987 0.32467356 0.11219933
0.01770735 0.32556409 0.11219933
0.04554741 0.32660094 0.11219933
0.08138761 0.33016238 0.11219933
0.01492826 0.33193219 0.11219933
0.06273185 0.33427718 0.11219933
0.04052662 0.33678117 0.11219933
0.03113294 0.34119827 0.11219933
0.03630646 0.34228304 0.11219933
0.01488793 0.34348390 0.11219933
0.01664120 0.34501266 0.11219933
0.02514066 0.35248896 0.11219933
0.01833232 0.35410467 0.11219933
0.06116776 0.35685533 0.11219933
0.09908219 0.35870111 0.11219933
0.03666744 0.36382979 0.11219933
0.04819248 0.36514375 0.11219933
0.07939357 0.36528087 0.11219933
0.04803731 0.36719954 0.11219933
0.09400448 0.36986557 0.11219933
0.08174811 0.37099338 0.11219933
0.07260475 0.37468034 0.11219933
0.06504167 0.38119027 0.11219933
0.09217819 0.38347974 0.11219933
0.04660328 0.38357601 0.11219933
0.09980735 0.39617965 0.11219933
0.01672297 0.39755082 0.11219933
0.07430293 0.40377957 0.11219933
0.07698891 0.40741846 0.11219933
0.01739109 0.40997818 0.11219933
0.09718756 0.42274544 0.11219933
0.12093374 0.42299178 0.11219933
0.08366001 0.42427137 0.11219933
0.10804046 0.42877135 0.11219933
0.04058155 0.43000081 0.11219933
0.05027139 0.43166599 0.11219933
0.11662989 0.43471679 0.11219933
0.09361058 0.44132856 0.11219933
0.00448590 0.11356319 0.11223999
0.00438015 0.28464863 0.11224690
-0.10231538 -0.32548797 0.11226078
0.00395117 0.17383648 0.11227494
-0.00636829 -0.03685639 0.11228425
-0.09927489 0.46106163 0.11228509
0.07942697 0.27918136 0.11229713
0.15216383 -0.34141508 0.11230359
-0.15274215 0.26991135 0.11230787
-0.00336931 -0.40179083 0.11231207
-0.15270534 0.05595478 0.11232713
0.00312243 0.15813859 0.11232911
0.06832463 0.24318324 0.11233643
-0.15267318 -0.37538642 0.11234397
0.06118052 0.21973306 0.11234975
0.08045336 0.45070979 0.11235689
0.00245035 0.32690579 0.11237305
-0.08996548 -0.28633931 0.11238505
0.00214584 0.22586694 0.11239295
-0.02366832 -0.08695508 0.11240356
0.01618247 0.08288640 0.11241057
0.00138311 0.35777783 0.11244281
-0.05953114 -0.19103321 0.11246052
0.00110531 0.38034531 0.11246096
-0.14285281 -0.44050097 0.11246870
-0.15243158 -0.39868799 0.11247049
0.00085418 0.39712325 0.11247738
-0.00081504 -0.03748503 0.11247924
0.00081679 0.16017298 0.11247982
0.00065579 0.34682435 0.11249034
0.03539895 0.13824846 0.11249359
-0.09092942 -0.45333689 0.11253003
-0.14828467 -0.46084023 0.11254381
0.00457404 0.04492533 0.11254472
0.00018556 -0.22643448 0.11254513
-0.15226468 -0.12192841 0.11255788
-0.10011711 -0.30972970 0.11256056
0.03679610 0.45388734 0.11256799
-0.00110284 0.28994206 0.11260552
0.08204877 0.27391550 0.11260769
0.01903532 0.08153328 0.11261170
-0.03453898 -0.11128137 0.11261664
-0.00142143 0.16173866 0.11262641
-0.00146517 0.24692073 0.11262927
0.15107387 0.17709598 0.11263382
-0.00170758 0.41224468 0.11264517
0.15118665 -0.08652320 0.11264706
0.07327406 0.24479097 0.11265289
-0.00191554 0.26201615 0.11265881
0.05380268 0.18490647 0.11267140
0.00118724 -0.01615130 0.11270787
0.08259270 0.46060851 0.11271503
0.00278738 -0.43308797 0.11271573
-0.15196157 -0.34334847 0.11271660
0.04413272 -0.46070901 0.11271691
-0.15194654 -0.06291477 0.11272448
-0.13241622 0.46065214 0.11272697
0.00333821 -0.24195935 0.11275185
0.06232406 0.45953363 0.11276300
-0.04857365 -0.45954826 0.11276356
-0.11955278 0.46041337 0.11276468
-0.02701014 -0.45947173 0.11276694
-0.01798882 -0.05419007 0.11277055
-0.02434857 -0.45930615 0.11277428
-0.01945897 -0.45920238 0.11277887
0.15010101 0.16391249 0.11278550
-0.07263769 -0.21809122 0.11278626
-0.09529560 -0.28431582 0.11280001
0.06130027 0.20110270 0.11280517
0.00415414 -0.08880144 0.11280534
0.00418171 -0.15292889 0.11280715
0.00381198 -0.01281759 0.11282343
-0.04172090 -0.45799607 0.11283227
0.14975891 0.01218365 0.11283352
0.02976186 0.45782718 0.11283916
-0.15171781 -0.39515829 0.11284425
0.00478369 -0.04948139 0.11284662
-0.06851102 -0.20096241 0.11285008
0.00509673 -0.20646121 0.11286714
0.14970574 0.19327123 0.11287060
0.14975688 -0.31927487 0.11287078
-0.00734571 0.45970047 0.11287672
0.09354641 0.29554164 0.11288040
0.14958593 -0.09953132 0.11289752
0.00583791 -0.03854828 0.11291552
-0.00586343 0.32921091 0.11291747
0.00622405 -0.03178731 0.11294072
-0.05977586 -0.17309910 0.11294452
-0.15142566 -0.36924177 0.11295869
0.00679418 -0.30050600 0.11297794
0.07249472 0.22814052 0.11297969
0.14904895 -0.40944740 0.11298155
-0.08109498 -0.23423381 0.11300609
0.06351048 0.19986805 0.11302181
-0.00748784 0.33739313 0.11302363
0.14899656 0.32364774 0.11303905
0.14864391 -0.00457924 0.11304141
-0.15003103 0.21625428 0.11304794
0.04435714 0.14240362 0.11306235
-0.01166740 -0.02152570 0.11308084
0.07261832 0.22377081 0.11308766
-0.14930809 0.11244229 0.11309420
-0.14919499 -0.08033022 0.11310144
0.14923018 0.36636406 0.11310339
-0.06846830 -0.18996406 0.11310597
0.07513433 0.23189910 0.11311588
-0.14896923 -0.30164203 0.11311588
-0.14889050 -0.33529395 0.11312092
-0.14545214 -0.42050201 0.11312404
-0.14869595 0.13049787 0.11313337
-0.14866018 0.16245136 0.11313566
-0.14864215 0.15026151 0.11313681
0.14805096 -0.31198129 0.11313771
-0.00926816 0.11714918 0.11313998
-0.14841840 0.00167702 0.11315113
0.00945386 -0.42341441 0.11315154
-0.03437593 -0.08369863 0.11315751
0.14817175 0.40476945 0.11316808
-0.14810538 0.05778888 0.11317116
0.00979802 -0.28408521 0.11317401
-0.12518290 -0.35515335 0.11317520
-0.06371761 0.45777535 0.11317842
0.08380709 -0.45739469 0.11317927
0.14775488 0.02303446 0.11318297
-0.13959879 0.45659742 0.11318403
-0.10368606 0.45658886 0.11318408
-0.01459325 0.45604730 0.11318666
-0.14785632 0.10533986 0.11318710
-0.04343774 0.45488659 0.11319220
0.14765319 0.17906809 0.11319338
0.14755350 -0.11776457 0.11319350
0.14744192 0.19859202 0.11319362
0.14732257 -0.19888856 0.11319377
0.06355402 -0.45414084 0.11319549
0.14535809 0.31696624 0.11319610
0.14527184 0.03673290 0.11319621
-0.14758664 -0.03731864 0.11319737
-0.14729327 0.10554800 0.11319748
0.14402807 -0.41818428 0.11319768
-0.14674419 -0.01975864 0.11319770
-0.14629114 0.11911051 0.11319788
0.14374834 0.28996775 0.11319802
-0.14553821 0.20989931 0.11319818
-0.14548892 -0.08956094 0.11319820
-0.14538959 0.17933309 0.11319824
-0.14499113 -0.34128839 0.11319839
0.14342588 0.23182468 0.11319840
0.14337501 -0.00639300 0.11319846
-0.14475232 -0.16626759 0.11319849
-0.14447078 0.20268644 0.11319860
-0.14431566 0.01367557 0.11319866
-0.14427641 -0.15128528 0.11319868
0.14307567 0.06810526 0.11319882
0.14302450 -0.06405810 0.11319888
0.14300615 -0.35221696 0.11319890
-0.14336255 0.24012369 0.11319903
-0.14297166 -0.27378717 0.11319919
0.09760286 -0.44824558 0.11319932
0.04473453 -0.44417313 0.11319932
0.10092625 -0.43713099 0.11319932
0.01673915 -0.43653181 0.11319932
0.05534067 -0.43551201 0.11319932
0.01392861 -0.42877272 0.11319932
0.01697883 -0.41914326 0.11319932
0.07145852 -0.41896206 0.11319932
0.04737577 -0.41720223 0.11319932
0.03851012 -0.41658515 0.11319932
0.02114408 -0.40992340 0.11319932
0.01876206 -0.40720892 0.11319932
0.03711724 -0.40378505 0.11319932
0.06413394 -0.40042654 0.11319932
0.11683643 -0.39468980 0.11319932
0.08287443 -0.38434696 0.11319932
0.01884436 -0.38286141 0.11319932
-0.13427398 -0.37924996 0.11319932
-0.13804200 -0.37825894 0.11319932
0.02800472 -0.37545875 0.11319932
0.06976506 -0.37453407 0.11319932
0.13541606 -0.37359095 0.11319932
0.10710248 -0.37358227 0.11319932
-0.13536602 -0.37351882 0.11319932
-0.14177340 -0.37338614 0.11319932
0.04834992 -0.37023756 0.11319932
0.06407904 -0.36528662 0.11319932
-0.13418403 -0.36286491 0.11319932
0.08801795 -0.35857734 0.11319932
0.11846293 -0.35771483 0.11319932
0.05446315 -0.35546884 0.11319932
0.13721791 -0.35469875 0.11319932
-0.12699169 -0.35444206 0.11319932
0.10916413 -0.35361442 0.11319932
0.07365144 -0.35320425 0.11319932
0.12140100 -0.35063013 0.11319932
0.04653490 -0.34974843 0.11319932
0.12727308 -0.34394929 0.11319932
0.03819286 -0.34243101 0.11319932
0.01631117 -0.34142995 0.11319932
0.13833478 -0.33914489 0.11319932
0.12459609 -0.33884621 0.11319932
0.14218187 -0.32584023 0.11319932
0.03229116 -0.31980780 0.11319932
0.11664524 -0.31965327 0.11319932
0.03079135 -0.31151599 0.11319932
0.07857488 -0.31015095 0.11319932
0.12183020 -0.30974638 0.11319932
0.06435508 -0.30932936 0.11319932
0.02389507 -0.30898187 0.11319932
0.09980422 -0.30853885 0.11319932
0.12005905 -0.30702838 0.11319932
0.11115966 -0.30563349 0.11319932
-0.11163757 -0.29537967 0.11319932
0.05261509 -0.29305983 0.11319932
-0.13413364 -0.29211619 0.11319932
0.09488745 -0.29122135 0.11319932
0.10691557 -0.29004005 0.11319932
0.02693924 -0.28734079 0.11319932
0.04415960 -0.28590798 0.11319932
0.13137493 -0.28212652 0.11319932
0.06174050 -0.28118673 0.11319932
0.05255606 -0.27919066 0.11319932
0.11698765 -0.27876198 0.11319932
0.06956477 -0.27828655 0.11319932
0.12151172 -0.27785057 0.11319932
0.06958219 -0.27610177 0.11319932
0.04358646 -0.27562657 0.11319932
0.02711481 -0.27478760 0.11319932
0.08574188 -0.27453029 0.11319932
0.01600385 -0.27354020 0.11319932
0.13080859 -0.27160946 0.11319932
0.04098037 -0.27103254 0.11319932
0.10636789 -0.26908025 0.11319932
0.07695487 -0.26805618 0.11319932
0.04848378 -0.26685295 0.11319932
0.01187432 -0.26660565 0.11319932
0.10290474 -0.26243436 0.11319932
0.09644893 -0.26175755 0.11319932
-0.14045611 -0.26134515 0.11319932
0.09464783 -0.26095343 0.11319932
0.01024735 -0.25772050 0.11319932
0.12710813 -0.25766721 0.11319932
0.01608123 -0.25559524 0.11319932
0.04068572 -0.25361800 0.11319932
0.11246760 -0.25307763 0.11319932
-0.12672642 -0.25127548 0.11319932
-0.12878150 -0.25091833 0.11319932
-0.13815925 -0.24973711 0.11319932
0.01528135 -0.24724890 0.11319932
-0.11793416 -0.24719954 0.11319932
0.14185384 -0.24214169 0.11319932
0.01051382 -0.24153596 0.11319932
0.02687166 -0.24103752 0.11319932
0.11595061 -0.24003121 0.11319932
0.10679138 -0.23946071 0.11319932
-0.09828220 -0.23869126 0.11319932
0.12012514 -0.23863180 0.11319932
-0.11187596 -0.23858343 0.11319932
0.01518531 -0.23719051 0.11319932
0.13236922 -0.23588769 0.11319932
0.05669224 -0.23202117 0.11319932
0.09756971 -0.22769013 0.11319932
-0.08629692 -0.22718762 0.11319932
-0.11692737 -0.22549887 0.11319932
0.02941252 -0.22207896 0.11319932
0.12384531 -0.21308383 0.11319932
0.09602877 -0.21074362 0.11319932
0.04144404 -0.20780295 0.11319932
-0.10249715 -0.20659171 0.11319932
0.01902526 -0.19950047 0.11319932
0.08470723 -0.19607995 0.11319932
-0.10736118 -0.19220042 0.11319932
0.02122815 -0.19070841 0.11319932
0.09387293 -0.18923251 0.11319932
-0.10866562 -0.18766409 0.11319932
0.14020014 -0.18734595 0.11319932
0.09744973 -0.18422394 0.11319932
-0.06726298 -0.18108174 0.11319932
0.02547894 -0.17889999 0.11319932
0.06314072 -0.17310195 0.11319932
0.10090712 -0.17300355 0.11319932
0.13021296 -0.16856220 0.11319932
-0.08141457 -0.16760954 0.11319932
0.05811144 -0.16750011 0.11319932
0.11415610 -0.15814483 0.11319932
-0.07903511 -0.15644705 0.11319932
0.04553512 -0.15591891 0.11319932
0.01460308 -0.15569130 0.11319932
-0.05940810 -0.15402980 0.11319932
-0.10128477 -0.15289487 0.11319932
0.01293691 -0.15261225 0.11319932
-0.06273875 -0.15155560 0.11319932
0.06139724 -0.14865991 0.11319932
-0.07341330 -0.14798631 0.11319932
0.07026718 -0.14506143 0.11319932
0.12869042 -0.14447972 0.11319932
0.03642279 -0.13907495 0.11319932
-0.12685958 -0.13151759 0.11319932
-0.11360950 -0.12979312 0.11319932
0.08478197 -0.12930243 0.11319932
0.13158405 -0.12766956 0.11319932
0.09849603 -0.12613618 0.11319932
0.06616087 -0.12607509 0.11319932
0.03681013 -0.12461056 0.11319932
-0.06086555 -0.12304118 0.11319932
0.09874169 -0.12264822 0.11319932
0.11976346 -0.12020206 0.11319932
0.05027177 -0.12001202 0.11319932
0.12804762 -0.11904272 0.11319932
0.03867725 -0.11812757 0.11319932
-0.04686205 -0.11755340 0.11319932
0.13520175 -0.11530122 0.11319932
-0.05732670 -0.11475841 0.11319932
0.03645083 -0.11386547 0.11319932
-0.08327599 -0.11264952 0.11319932
0.08054721 -0.11238690 0.11319932
0.11225118 -0.11112460 0.11319932
-0.09259152 -0.11097898 0.11319932
-0.05456321 -0.10917798 0.11319932
0.03674063 -0.10702320 0.11319932
-0.09243122 -0.10667288 0.11319932
-0.11681012 -0.10538331 0.11319932
0.05622069 -0.10352860 0.11319932
0.02683219 -0.09915340 0.11319932
0.07864902 -0.09849634 0.11319932
0.05756843 -0.09788653 0.11319932
-0.13828477 -0.09672517 0.11319932
0.04858166 -0.09648834 0.11319932
-0.08922241 -0.09509028 0.11319932
0.05470498 -0.09358563 0.11319932
0.11427326 -0.09341008 0.11319932
0.12089402 -0.09010462 0.11319932
0.01084740 -0.08549524 0.11319932
0.01768280 -0.08549226 0.11319932
0.12100829 -0.08214404 0.11319932
-0.04163161 -0.08197153 0.11319932
-0.09430151 -0.08066816 0.11319932
0.08683863 -0.08008872 0.11319932
0.01361975 -0.07991625 0.11319932
-0.06970570 -0.07911082 0.11319932
0.12386727 -0.07908589 0.11319932
0.09119076 -0.07691424 0.11319932
0.08027704 -0.07650408 0.11319932
-0.06387816 -0.07618952 0.11319932
0.01694055 -0.07565106 0.11319932
0.01042437 -0.07520737 0.11319932
0.04056811 -0.07485411 0.11319932
0.03644993 -0.07276736 0.11319932
-0.05660535 -0.07086386 0.11319932
0.09810372 -0.06902359 0.11319932
0.09130792 -0.06901862 0.11319932
0.10125898 -0.06881957 0.11319932
0.12136493 -0.06864540 0.11319932
0.03793386 -0.06607237 0.11319932
0.08454116 -0.06264774 0.11319932
-0.06554782 -0.06147212 0.11319932
0.09127286 -0.06118708 0.11319932
-0.09419976 -0.06103326 0.11319932
0.04319935 -0.05882960 0.11319932
0.05218733 -0.05591897 0.11319932
-0.07491749 -0.05251063 0.11319932
-0.04074276 -0.05056649 0.11319932
0.02732860 -0.04866236 0.11319932
0.13422865 -0.04863704 0.11319932
0.09258907 -0.04590190 0.11319932
-0.02165649 -0.04549323 0.11319932
0.08988721 -0.04489807 0.11319932
-0.10734160 -0.04470119 0.11319932
-0.11856531 -0.04189535 0.11319932
0.13764867 -0.04145126 0.11319932
0.01050269 -0.04107405 0.11319932
0.13609326 -0.04082870 0.11319932
0.09901648 -0.03897451 0.11319932
-0.04039347 -0.03790644 0.11319932
-0.07012785 -0.03715570 0.11319932
0.08507529 -0.03268886 0.11319932
0.09385271 -0.03019816 0.11319932
-0.03784684 -0.02702277 0.11319932
-0.13492566 -0.02684763 0.11319932
0.12277757 -0.02424602 0.11319932
-0.09463637 -0.02194832 0.11319932
0.12778288 -0.02185813 0.11319932
0.01732630 -0.02099922 0.11319932
-0.08165259 -0.02073796 0.11319932
0.03562215 -0.02053569 0.11319932
0.03727651 -0.01924521 0.11319932
-0.10899624 -0.01781721 0.11319932
-0.11287881 -0.01712592 0.11319932
0.10702490 -0.01638081 0.11319932
-0.11194078 -0.01458497 0.11319932
0.06191380 -0.01440702 0.11319932
0.08006375 -0.01327946 0.11319932
-0.12952998 -0.01084786 0.11319932
0.04649127 -0.00770174 0.11319932
-0.13690448 -0.00729811 0.11319932
0.11197966 -0.00605601 0.11319932
0.02932771 -0.00373702 0.11319932
0.06231504 -0.00200287 0.11319932
-0.07719453 0.00200069 0.11319932
-0.00017152 0.00706780 0.11319932
0.02268757 0.00929257 0.11319932
-0.04913947 0.01140799 0.11319932
0.12888679 0.01250448 0.11319932
-0.06624879 0.01275129 0.11319932
0.12497097 0.01658391 0.11319932
0.07661090 0.01781540 0.11319932
-0.07184616 0.01803558 0.11319932
0.13387427 0.01812793 0.11319932
0.01336431 0.01965618 0.11319932
-0.10954205 0.02047440 0.11319932
-0.09782470 0.02054221 0.11319932
0.11316231 0.02077106 0.11319932
0.08905610 0.02216967 0.11319932
0.05756950 0.02257422 0.11319932
-0.06478728 0.02258353 0.11319932
-0.12942070 0.02557545 0.11319932
-0.05013139 0.02654705 0.11319932
-0.09283137 0.02858632 0.11319932
0.06508392 0.02896276 0.11319932
0.02233684 0.02967441 0.11319932
0.06200317 0.03022888 0.11319932
-0.02379447 0.03145484 0.11319932
-0.07006890 0.03188894 0.11319932
0.01477499 0.03199929 0.11319932
0.08992916 0.03212515 0.11319932
0.05277042 0.03288584 0.11319932
-0.12844175 0.03585256 0.11319932
0.05102303 0.03662467 0.11319932
0.10029297 0.03790614 0.11319932
0.08370005 0.04005293 0.11319932
-0.08726139 0.04154289 0.11319932
0.10567132 0.04202708 0.11319932
0.01947191 0.04250416 0.11319932
0.02565733 0.04473842 0.11319932
-0.13594484 0.04477673 0.11319932
-0.07358584 0.04668976 0.11319932
-0.12099063 0.04901664 0.11319932
-0.05750198 0.04957338 0.11319932
-0.08794687 0.05079008 0.11319932
0.04858682 0.05186525 0.11319932
-0.08853041 0.05238080 0.11319932
0.04545693 0.05251645 0.11319932
-0.04402350 0.05306620 0.11319932
0.13193250 0.05328000 0.11319932
0.03691658 0.05618990 0.11319932
0.08305679 0.05624892 0.11319932
0.11321891 0.05781225 0.11319932
0.05962843 0.05796350 0.11319932
-0.10798944 0.05924712 0.11319932
0.08849952 0.06271747 0.11319932
0.11109877 0.06480882 0.11319932
0.06051832 0.06572546 0.11319932
0.05892181 0.06720519 0.11319932
-0.12536725 0.06786762 0.11319932
-0.06700034 0.06800840 0.11319932
-0.08040901 0.07330915 0.11319932
-0.06182812 0.07534305 0.11319932
0.11628877 0.07629053 0.11319932
-0.02786833 0.07964233 0.11319932
-0.07951371 0.08062368 0.11319932
0.07668687 0.08089997 0.11319932
0.06387951 0.08092412 0.11319932
-0.11854134 0.08694293 0.11319932
0.12287553 0.08858652 0.11319932
-0.07036223 0.08879118 0.11319932
-0.02077119 0.08911396 0.11319932
-0.12727314 0.09159015 0.11319932
0.04224296 0.09347787 0.11319932
0.05029520 0.09715993 0.11319932
-0.13512492 0.09743316 0.11319932
0.12450318 0.09917837 0.11319932
0.13805538 0.09993637 0.11319932
-0.07568997 0.10079899 0.11319932
-0.14010265 0.10199437 0.11319932
-0.11548954 0.10317817 0.11319932
0.07568607 0.10490973 0.11319932
-0.08084616 0.10758600 0.11319932
-0.03513229 0.10941292 0.11319932
0.12377914 0.10998514 0.11319932
-0.10527228 0.11355482 0.11319932
-0.09714624 0.11423260 0.11319932
-0.06774201 0.11623684 0.11319932
-0.02491776 0.11656195 0.11319932
-0.03450363 0.11918111 0.11319932
-0.13497922 0.12467437 0.11319932
-0.01542522 0.12547177 0.11319932
-0.13032702 0.12743422 0.11319932
0.09206057 0.12751807 0.11319932
-0.10534447 0.12794518 0.11319932
-0.01285485 0.12968329 0.11319932
0.13100064 0.13379186 0.11319932
-0.11255916 0.13646689 0.11319932
0.08131287 0.13757914 0.11319932
-0.13253641 0.13788028 0.11319932
0.14021173 0.13999204 0.11319932
-0.14160883 0.14336719 0.11319932
0.10030097 0.14374550 0.11319932
0.10208315 0.14381941 0.11319932
-0.10544941 0.14704816 0.11319932
0.08033589 0.14773922 0.11319932
0.12187791 0.14778718 0.11319932
-0.12298994 0.14937116 0.11319932
-0.02449334 0.15070704 0.11319932
-0.04589222 0.15134695 0.11319932
-0.07399151 0.15139572 0.11319932
-0.02693664 0.15179048 0.11319932
0.14265144 0.15645570 0.11319932
0.08001697 0.15741771 0.11319932
0.11650988 0.15796465 0.11319932
-0.01616290 0.16235703 0.11319932
-0.13991717 0.17302354 0.11319932
0.10421832 0.17406373 0.11319932
-0.04299295 0.18807028 0.11319932
-0.01905373 0.18874815 0.11319932
-0.03814757 0.19130713 0.11319932
-0.11255731 0.19236962 0.11319932
0.13800898 0.19310614 0.11319932
-0.08149810 0.19557498 0.11319932
-0.05761889 0.19770785 0.11319932
-0.08869069 0.19774637 0.11319932
-0.12037750 0.19997591 0.11319932
-0.03849832 0.20133111 0.11319932
-0.09700172 0.20338717 0.11319932
0.13448998 0.20346263 0.11319932
-0.01886252 0.20537567 0.11319932
-0.04653148 0.20668483 0.11319932
-0.06506269 0.21019836 0.11319932
-0.09496081 0.21394971 0.11319932
-0.09389631 0.21862711 0.11319932
-0.13387120 0.22256348 0.11319932
-0.10903828 0.22588761 0.11319932
-0.05714595 0.22702122 0.11319932
0.12093677 0.23118344 0.11319932
0.13133508 0.23123521 0.11319932
0.12803024 0.23336352 0.11319932
-0.12798753 0.23447071 0.11319932
-0.09362659 0.23540759 0.11319932
-0.07903592 0.23786508 0.11319932
-0.01970561 0.23930123 0.11319932
-0.03465312 0.24077858 0.11319932
-0.06453652 0.24367854 0.11319932
-0.10411282 0.24412501 0.11319932
0.14138424 0.24594672 0.11319932
-0.09108681 0.24952497 0.11319932
-0.11647310 0.25073931 0.11319932
0.11090879 0.25683731 0.11319932
-0.12420050 0.25877815 0.11319932
-0.11693872 0.25938913 0.11319932
0.10710811 0.26390117 0.11319932
-0.10666571 0.26492059 0.11319932
-0.12208532 0.26530230 0.11319932
-0.08369111 0.26857698 0.11319932
-0.06867278 0.27159467 0.11319932
0.11934969 0.27763182 0.11319932
-0.06276263 0.28061953 0.11319932
0.12066419 0.29290238 0.11319932
-0.04653899 0.29426625 0.11319932
0.13000733 0.29528269 0.11319932
0.12047620 0.29543665 0.11319932
0.11745714 0.29588157 0.11319932
0.11148790 0.30119950 0.11319932
-0.12295251 0.30212286 0.11319932
-0.09475707 0.30308181 0.11319932
0.10227816 0.30610436 0.11319932
-0.07721739 0.30808303 0.11319932
-0.01592297 0.30809027 0.11319932
-0.03729427 0.30817410 0.11319932
-0.03744012 0.31104657 0.11319932
0.13256741 0.31198186 0.11319932
-0.13596922 0.31278783 0.11319932
-0.02593724 0.31361192 0.11319932
-0.13051337 0.31802943 0.11319932
-0.10563955 0.32591102 0.11319932
-0.03313953 0.32633078 0.11319932
-0.08290112 0.32713962 0.11319932
0.10940869 0.32817966 0.11319932
-0.04378106 0.33157635 0.11319932
0.13876051 0.33423215 0.11319932
-0.05712438 0.33435023 0.11319932
-0.04559138 0.33647963 0.11319932
-0.07809012 0.33684143 0.11319932
-0.05037251 0.33721340 0.11319932
0.14066666 0.33845341 0.11319932
-0.11639182 0.33870190 0.11319932
-0.01698482 0.34092829 0.11319932
-0.06368478 0.34115940 0.11319932
-0.08423173 0.34831482 0.11319932
-0.04580655 0.34912425 0.11319932
-0.10404377 0.35283667 0.11319932
-0.02985158 0.35358444 0.11319932
-0.07505444 0.35705274 0.11319932
-0.03154712 0.35993960 0.11319932
-0.08239602 0.36451524 0.11319932
-0.05342774 0.36684135 0.11319932
-0.04613329 0.36728737 0.11319932
-0.08527002 0.36926097 0.11319932
-0.07277369 0.37268513 0.11319932
-0.04631617 0.37487444 0.11319932
-0.06720663 0.37582490 0.11319932
-0.08629903 0.37826684 0.11319932
0.12987620 0.37948927 0.11319932
-0.12935972 0.38161924 0.11319932
-0.08862054 0.39535165 0.11319932
-0.13769189 0.40274423 0.11319932
0.13922372 0.40344322 0.11319932
-0.08654860 0.40531933 0.11319932
-0.03462765 0.41222855 0.11319932
-0.12958768 0.41437465 0.11319932
-0.09068716 0.41616032 0.11319932
-0.05845235 0.41974235 0.11319932
-0.09647993 0.42348090 0.11319932
-0.02457783 0.42355907 0.11319932
-0.13291210 0.43246654 0.11319932
-0.07792111 0.43626878 0.11319932
-0.06599563 0.44191328 0.11319932
-0.07300378 0.44225991 0.11319932
-0.06307099 0.44349220 0.11319932
-0.07186471 0.44646126 0.11319932
-0.12096676 0.45262840 0.11319932
